89.61	66.0	0.0	57.0	0.0	171.38	0	000-0.png	
51.44	5.43	14.0	4.88	2.08	194.71	-15	000-1.png	
88.91	31.0	0.0	446.0	0.0	170.29	0	000-10.png	
65.45	3.46	8.67	21.08	1.44	165.56	0	000-11.png	
53.99	2.62	13.0	10.23	1.64	171.55	-15	000-12.png	
69.73	2.48	14.5	17.28	1.76	174.16	0	000-13.png	
54.31	3.0	12.0	9.33	2.24	170.93	-45	000-14.png	
71.94	4.0	10.5	26.62	2.59	171.9	-5	000-15.png	
50.1	3.19	10.67	14.97	2.0	171.28	0	000-16.png	
67.3	2.92	12.0	18.75	2.09	169.13	-30	000-17.png	
50.1	3.48	13.5	9.02	1.88	167.94	-45	000-18.png	
89.65	44.0	0.0	329.0	0.0	169.14	0	000-19.png	
81.65	1.68	19.0	22.68	1.59	182.99	-30	000-2.png	
69.75	1.94	15.5	10.26	1.77	169.25	-30	000-20.png	
89.58	43.0	0.0	558.0	0.0	170.08	0	000-21.png	
88.95	37.0	0.0	349.0	0.0	171.68	0	000-22.png	
89.2	41.0	0.0	246.0	0.0	162.82	0	000-23.png	
81.48	3.07	14.0	29.86	1.81	158.97	-45	000-24.png	
65.21	2.92	13.33	15.42	1.84	168.45	-45	000-25.png	
63.0	3.62	11.33	12.97	1.63	167.25	-45	000-26.png	
89.2	35.0	0.0	325.0	0.0	160.74	0	000-27.png	
80.86	3.0	10.0	22.9	1.94	158.26	-45	000-28.png	
49.99	2.44	10.25	13.15	1.45	164.27	-15	000-29.png	
62.64	2.15	15.33	10.61	1.69	174.77	30	000-3.png	
59.79	5.47	11.33	9.03	2.02	184.84	-30	000-30.png	
89.7	64.0	0.0	0.0	0.0	176.29	0	000-31.png	
73.33	3.52	10.5	28.57	1.67	170.67	0	000-32.png	
62.89	5.52	10.33	18.84	1.86	166.81	45	000-33.png	
0.63	4.45	9.67	4.66	2.03	164.55	-45	000-34.png	
78.43	6.73	11.0	35.27	1.48	167.18	-5	000-35.png	
67.48	11.85	6.5	37.62	2.02	161.88	-45	000-36.png	
62.93	7.57	7.0	27.76	1.97	160.74	0	000-37.png	
89.51	62.0	0.0	0.0	0.0	160.61	0	000-38.png	
80.63	6.44	9.0	52.33	1.95	164.55	15	000-39.png	
71.72	1.26	17.5	11.37	1.6	174.41	-15	000-4.png	
79.55	17.33	3.0	7.33	4.49	158.96	0	000-40.png	
16.73	7.91	7.33	10.33	1.81	157.75	-45	000-41.png	
49.2	6.71	7.6	12.29	1.72	158.17	-45	000-42.png	
32.82	6.75	8.0	11.84	1.93	162.14	-45	000-43.png	
65.42	5.85	6.67	7.55	1.84	157.96	-45	000-44.png	
56.12	11.5	2.0	116.0	6.28	148.5	180	000-45.png	
79.68	7.0	9.0	5.78	2.22	166.11	-5	000-46.png	
27.21	7.52	7.71	11.63	1.69	161.5	-15	000-47.png	
18.29	4.5	8.0	9.59	1.92	158.19	30	000-48.png	
50.03	13.64	5.5	16.55	2.22	152.04	-15	000-49.png	
89.6	22.0	0.0	356.0	0.0	173.65	0	000-5.png	
62.95	8.29	7.0	64.29	2.02	147.98	0	000-50.png	
41.27	10.38	4.33	50.46	3.29	147.14	0	000-51.png	
65.21	12.0	3.0	84.5	4.67	146.54	-45	000-52.png	
80.72	58.0	0.0	0.0	0.0	143.31	0	000-53.png	
50.16	14.5	4.0	74.38	3.84	143.97	-15	000-54.png	
89.29	76.0	0.0	0.0	0.0	146.71	0	000-55.png	
80.87	13.5	4.0	5.75	3.28	144.07	-15	000-56.png	
44.94	27.38	2.67	65.5	5.25	145.15	-45	000-57.png	
45.38	6.0	8.5	19.0	1.93	164.7	-45	000-58.png	
89.82	54.0	0.0	403.0	0.0	171.13	0	000-6.png	
89.44	34.0	0.0	604.0	0.0	170.58	0	000-7.png	
73.46	2.29	14.0	13.54	1.64	170.39	-45	000-8.png	
89.56	27.0	0.0	495.0	0.0	170.21	0	000-9.png	
30.37	46.0	0.0	375.0	12.5	145.7	0	001-0.png	
89.86	110.0	0.0	0.0	0.0	147.34	0	001-1.png	
54.05	8.71	8.5	16.26	2.66	188.41	45	002-0.png	
79.81	9.29	7.0	54.57	1.45	152.75	0	003-0.png	
26.18	52.67	1.5	149.67	5.04	150.24	0	003-1.png	
69.74	108.0	0.0	0.0	0.0	125.5	0	004-0.png	
25.98	1.56	12.8	5.78	1.12	158.16	15	005-0.png	
56.33	0.0	14.33	6.02	0.96	158.88	0	005-1.png	
45.0	0.81	16.0	5.56	1.29	166.43	0	006-0.png	
63.37	2.73	5.5	53.0	2.19	153.74	0	007-0.png	
50.1	1.64	7.33	19.59	1.97	154.0	-5	007-1.png	
18.61	77.0	0.0	394.0	0.0	128.69	0	008-0.png	
40.25	67.0	0.0	558.0	14.2	130.74	0	008-1.png	
79.81	19.0	5.0	66.8	2.29	164.84	15	009-0.png	
89.78	68.0	0.0	0.0	0.0	163.75	0	009-1.png	
56.26	6.67	13.33	5.4	1.64	190.79	-15	010-0.png	
40.24	4.51	14.2	5.69	1.81	188.69	180	010-1.png	
44.99	46.0	0.0	156.0	0.0	138.47	0	011-0.png	
30.41	26.5	2.0	281.5	6.2	150.63	0	011-1.png	
89.75	13.0	0.0	231.0	0.0	170.31	0	012-0.png	
74.79	5.38	8.0	47.38	1.77	172.58	0	012-1.png	
60.13	5.36	11.0	14.94	1.8	159.96	30	014-0.png	
36.15	0.77	10.4	5.81	2.19	158.15	15	014-1.png	
22.91	77.0	0.0	588.0	12.9	140.87	0	015-0.png	
51.12	1.91	11.5	7.17	1.93	156.54	0	016-0.png	
51.41	1.97	6.6	16.61	1.78	156.5	15	016-1.png	
45.49	4.21	4.75	32.05	3.29	157.36	15	016-2.png	
78.49	6.21	19.0	15.84	1.18	197.91	30	017-0.png	
71.34	1.67	21.0	8.83	0.87	198.2	30	017-1.png	
48.95	3.62	21.0	3.78	1.11	199.07	30	017-2.png	
71.9	4.88	8.0	35.25	2.25	150.1	0	018-0.png	
67.33	3.0	6.0	17.67	2.03	146.41	0	018-1.png	
36.28	0.51	15.67	4.62	0.86	187.1	45	019-0.png	
56.46	2.25	14.67	6.75	0.77	195.75	45	019-1.png	
40.23	0.62	16.0	4.1	0.84	195.79	45	019-2.png	
74.98	5.25	8.0	26.0	1.96	167.9	-5	020-0.png	
22.71	18.0	0.0	506.0	11.58	135.13	0	021-0.png	
49.36	57.0	0.0	654.0	8.01	151.11	0	022-0.png	
45.34	1.09	3.67	34.0	1.98	155.12	15	023-0.png	
72.25	13.83	6.0	44.67	2.24	157.71	0	024-0.png	
89.28	33.0	0.0	0.0	0.0	140.0	0	025-0.png	
89.31	84.0	0.0	0.0	0.0	139.59	0	025-1.png	
78.53	56.0	0.0	0.0	0.0	137.51	0	025-2.png	
89.38	109.0	0.0	0.0	0.0	140.2	0	025-3.png	
76.67	37.0	0.0	0.0	0.0	139.01	0	025-4.png	
62.77	1.38	16.67	8.3	1.23	187.98	30	026-0.png	
51.53	3.07	15.0	7.47	1.17	187.67	0	026-1.png	
45.34	3.7	15.67	6.13	1.25	186.87	0	026-2.png	
89.59	24.0	0.0	322.0	0.0	188.1	0	026-3.png	
59.99	3.07	14.67	8.75	1.44	186.9	0	026-4.png	
45.07	53.0	0.0	324.0	9.06	135.4	0	027-0.png	
74.98	131.0	0.0	0.0	0.0	130.86	0	028-0.png	
67.54	118.0	0.0	25.0	9.77	136.83	0	029-0.png	
55.98	53.0	0.0	486.0	11.68	134.6	0	030-0.png	
38.81	97.0	0.0	400.0	10.69	131.86	0	031-0.png	
45.53	6.14	8.8	12.82	1.71	170.09	-15	032-0.png	
33.85	7.3	15.2	5.12	1.31	192.11	180	033-0.png	
36.41	37.0	0.0	179.0	0.0	132.51	0	034-0.png	
56.29	2.19	12.33	8.97	2.18	180.48	-30	035-0.png	
64.34	4.22	9.0	24.83	1.77	165.08	0	036-0.png	
56.16	18.67	3.0	102.0	3.45	146.98	0	037-0.png	
89.45	52.0	0.0	429.0	0.0	149.25	0	037-1.png	
49.15	9.6	2.5	92.2	3.99	146.9	0	037-2.png	
71.23	45.0	0.0	286.0	9.83	143.99	0	037-3.png	
71.7	7.5	4.0	32.62	2.96	146.29	0	037-4.png	
67.19	6.67	3.0	55.0	3.31	136.41	0	038-0.png	
16.96	4.67	4.71	22.27	2.52	147.99	0	039-0.png	
69.87	6.41	14.5	13.76	1.58	169.97	0	040-0.png	
56.24	2.02	16.33	5.49	1.21	171.38	30	041-0.png	
20.28	1.4	12.14	5.34	1.61	180.72	180	042-0.png	
22.98	1.14	11.43	5.89	1.6	161.66	0	043-0.png	
50.17	7.91	3.67	42.09	2.34	150.1	0	044-0.png	
36.04	3.47	19.33	11.62	2.02	184.61	15	045-0.png	
65.4	2.05	6.33	16.47	1.51	169.09	45	046-0.png	
45.45	2.0	0.0	0.0	0.0	121.01	0	047-0.png	
36.26	3.71	10.5	8.43	2.35	189.18	-45	048-0.png	
56.33	1.58	12.67	10.68	2.05	188.8	5	049-0.png	
23.13	2.67	12.0	4.6	1.32	167.22	-30	050-0.png	
76.75	2.38	16.0	17.69	1.45	195.53	15	051-0.png	
22.69	2.94	17.71	3.06	1.69	194.49	180	052-0.png	
57.34	3.24	21.0	5.45	1.0	190.53	45	053-0.png	
60.05	0.24	16.75	9.01	1.01	176.9	-15	054-0.png	
50.27	78.67	1.5	196.0	3.81	147.95	0	055-0.png	
54.46	56.0	0.0	0.0	0.0	122.22	0	056-0.png	
39.43	2.62	15.25	5.98	1.3	184.83	-5	058-0.png	
26.43	2.67	15.0	4.81	1.23	184.52	15	058-1.png	
36.28	1.98	17.17	3.41	0.97	184.57	-30	058-2.png	
10.81	1.73	17.88	2.99	0.96	183.88	-5	058-3.png	
22.87	5.09	15.33	4.72	0.98	181.89	0	059-0.png	
22.85	4.44	16.0	4.08	0.95	180.36	30	059-1.png	
64.13	4.19	16.0	9.94	1.07	182.74	15	059-2.png	
30.2	5.9	15.75	5.49	0.97	181.17	0	059-3.png	
63.05	31.0	2.0	117.0	4.18	151.96	0	060-0.png	
36.32	9.17	6.0	27.33	1.83	155.66	0	060-1.png	
45.11	7.12	8.0	27.94	1.59	152.76	180	060-2.png	
40.39	29.0	1.0	194.33	8.72	152.47	0	060-3.png	
26.06	3.35	12.83	5.71	1.6	179.12	-5	061-0.png	
13.89	2.77	10.83	6.11	2.63	177.58	180	061-1.png	
59.99	2.09	11.5	8.13	1.82	177.78	0	061-2.png	
77.23	1.64	11.0	23.82	2.04	178.04	0	061-3.png	
67.48	12.0	0.0	147.0	8.65	137.04	0	062-0.png	
26.58	37.0	0.0	437.0	17.2	138.95	0	062-1.png	
57.19	32.0	0.0	388.0	16.92	143.45	0	062-2.png	
27.45	9.88	8.0	11.48	1.69	175.68	180	063-0.png	
9.58	6.0	9.33	7.35	1.62	178.48	45	063-1.png	
45.27	9.78	9.0	7.71	1.68	178.33	180	063-2.png	
16.98	5.91	4.4	34.09	2.18	158.92	0	064-0.png	
49.7	8.5	2.0	238.5	4.82	159.9	0	064-1.png	
32.82	1.36	3.67	54.0	2.77	159.74	0	064-2.png	
60.0	1.89	9.0	27.0	1.55	159.35	0	064-3.png	
54.14	37.0	0.0	236.0	11.97	144.0	0	065-0.png	
13.26	49.0	0.0	311.0	9.25	140.31	180	065-1.png	
13.9	4.29	3.5	67.14	4.41	145.62	45	066-0.png	
30.27	13.29	2.33	74.43	4.76	147.69	0	066-1.png	
34.19	6.78	5.75	22.09	1.57	153.0	0	067-0.png	
54.02	1.05	15.25	7.62	1.72	194.51	5	068-0.png	
59.99	14.25	4.0	10.25	2.23	156.59	0	069-0.png	
45.12	2.11	9.0	13.0	1.84	171.1	30	070-0.png	
59.85	1.09	15.67	3.87	2.43	207.33	45	071-0.png	
41.03	41.0	0.0	568.0	6.96	148.94	0	072-0.png	
44.93	1.43	21.67	3.54	0.8	189.26	45	073-0.png	
40.4	0.89	16.8	4.23	1.23	211.77	15	074-0.png	
45.24	2.09	15.33	3.0	1.04	199.37	180	075-0.png	
36.32	5.24	4.2	30.33	2.43	156.0	0	076-0.png	
20.45	34.0	0.0	581.0	10.09	140.01	0	077-0.png	
89.34	0.0	0.0	369.0	33.95	201.72	-45	078-0.png	
30.53	44.0	0.0	418.0	22.44	129.23	0	079-0.png	
64.3	0.61	18.0	30.33	1.35	148.96	30	080-0.png	
51.66	2.36	11.0	6.58	1.34	172.76	30	081-0.png	
77.02	2.8	5.0	6.4	1.9	144.14	0	081-1.png	
56.31	2.5	18.0	6.54	1.46	165.15	30	082-0.png	
40.48	9.29	5.6	20.25	1.88	163.55	0	083-0.png	
40.33	8.0	5.75	18.0	1.82	158.78	0	084-0.png	
36.72	28.0	0.0	593.0	8.83	149.05	0	084-1.png	
15.81	13.75	4.0	31.42	2.81	159.04	0	085-0.png	
0.59	19.6	4.29	16.63	2.66	160.28	0	085-1.png	
15.37	28.33	3.6	20.61	2.54	157.87	0	085-2.png	
25.96	22.8	5.0	14.5	2.08	158.5	0	085-3.png	
0.47	16.0	4.25	13.71	2.53	162.33	-15	085-4.png	
45.34	31.0	0.0	315.0	9.93	151.31	0	085-5.png	
27.54	2.88	8.33	12.9	1.71	162.83	30	086-0.png	
51.56	39.5	2.0	228.0	5.38	145.28	0	087-0.png	
77.15	88.0	1.0	28.0	9.79	150.25	0	087-1.png	
51.55	89.0	1.0	170.0	9.71	145.62	0	087-2.png	
76.76	5.44	9.0	28.11	1.54	160.1	30	088-0.png	
33.71	4.33	9.0	10.47	1.52	160.82	0	088-1.png	
36.35	2.16	15.75	4.87	1.25	172.03	5	088-2.png	
60.05	4.11	11.67	15.37	1.17	157.86	0	089-0.png	
18.54	7.0	10.0	6.17	1.53	158.01	0	089-1.png	
57.11	3.15	6.67	20.95	1.52	155.24	0	089-2.png	
38.75	60.0	0.0	0.0	0.0	127.47	0	090-0.png	
67.41	57.0	0.0	0.0	0.0	125.35	0	090-1.png	
77.08	134.0	0.0	0.0	0.0	129.61	0	090-2.png	
81.71	5.5	6.0	3.83	2.57	184.81	0	091-0.png	
73.65	9.6	7.5	10.53	1.69	183.96	0	091-2.png	
22.87	2.05	13.67	5.17	1.45	178.91	45	092-0.png	
45.2	1.09	13.8	7.64	1.36	176.63	180	092-1.png	
69.9	1.79	14.0	12.43	1.25	180.5	0	092-2.png	
44.82	3.02	12.25	5.49	1.69	196.74	45	093-0.png	
56.4	2.93	13.67	6.83	1.62	193.02	45	093-1.png	
50.0	2.42	13.25	6.81	1.52	193.65	45	093-2.png	
78.98	5.0	0.0	69.0	10.9	155.9	0	094-0.png	
59.93	3.81	8.67	8.85	1.44	158.41	0	094-1.png	
51.47	9.14	7.33	17.68	1.75	157.69	0	094-2.png	
53.89	9.0	7.0	13.43	3.0	142.29	-30	095-0.png	
73.27	2.38	8.0	11.94	1.42	153.94	30	095-1.png	
20.23	2.3	10.43	6.03	1.58	156.12	15	096-0.png	
23.0	2.76	12.67	5.71	1.76	183.3	180	097-0.png	
26.05	36.0	0.0	264.0	13.3	130.7	0	098-0.png	
30.22	21.0	0.0	145.0	15.31	137.02	0	099-0.png	
38.84	3.1	12.25	5.22	1.78	186.9	-30	100-0.png	
30.09	3.42	13.75	5.31	1.08	206.77	0	102-0.png	
15.28	3.54	13.0	5.05	1.06	194.53	30	102-1.png	
45.38	18.0	3.0	219.33	3.64	142.98	0	103-0.png	
54.29	41.0	1.0	236.5	10.02	147.66	0	104-0.png	
40.3	21.0	0.0	496.0	12.67	129.25	0	105-0.png	
23.3	56.0	0.0	408.0	11.31	139.27	0	106-0.png	
39.33	2.9	10.0	10.62	1.45	174.09	-15	107-0.png	
49.27	5.64	7.8	16.82	1.47	174.51	-15	107-1.png	
27.44	5.65	8.86	6.6	1.4	175.0	-45	107-2.png	
50.02	7.54	6.5	20.54	1.79	174.9	-45	107-3.png	
13.63	1.52	16.5	3.64	1.15	198.91	15	108-0.png	
71.98	3.62	16.0	11.56	1.14	200.38	15	108-1.png	
30.62	3.1	15.5	4.15	1.06	202.59	15	108-2.png	
36.24	3.88	17.0	5.75	1.02	202.75	-45	108-3.png	
0.58	19.71	2.33	64.14	3.61	150.77	180	109-0.png	
26.23	6.09	5.75	15.7	1.62	153.27	0	109-1.png	
51.55	11.5	4.0	118.25	2.6	149.65	0	109-2.png	
60.08	68.0	1.0	184.0	7.98	154.23	0	109-3.png	
46.59	26.0	0.0	324.0	10.93	151.37	0	110-0.png	
60.05	14.0	0.0	344.0	10.65	153.91	0	110-1.png	
60.2	30.0	0.0	251.0	10.82	155.52	0	110-2.png	
90.0	25.0	0.0	291.0	8.35	151.66	0	110-3.png	
40.4	1.93	14.0	5.74	1.23	195.35	180	111-0.png	
45.18	1.75	14.25	6.86	1.24	194.96	180	111-1.png	
38.68	3.4	11.75	8.11	1.57	192.57	15	111-2.png	
0.29	3.75	12.0	4.54	1.67	192.14	-5	111-3.png	
36.28	2.93	7.17	14.02	1.67	166.14	180	112-0.png	
51.55	2.95	9.5	9.47	1.4	166.51	180	112-1.png	
38.94	4.96	6.25	15.68	2.64	165.74	0	112-2.png	
77.03	5.17	6.0	34.17	2.04	167.16	0	112-3.png	
49.9	3.9	9.75	9.08	1.73	176.34	180	113-0.png	
38.89	6.63	8.75	8.91	1.75	174.7	180	113-1.png	
45.06	6.32	7.6	10.16	1.54	161.01	0	113-2.png	
51.75	8.57	7.0	10.1	2.53	162.13	180	113-3.png	
23.08	5.47	6.4	15.59	1.83	164.11	0	114-0.png	
54.25	12.4	2.5	67.8	4.01	162.3	0	114-1.png	
45.22	3.47	7.5	25.13	1.81	160.56	0	114-2.png	
90.0	17.0	0.0	85.0	0.0	161.41	0	114-3.png	
54.28	5.43	14.0	6.14	0.82	173.2	45	115-0.png	
25.02	4.03	17.62	3.84	0.99	209.01	15	116-0.png	
10.61	2.62	14.5	3.72	1.43	205.1	180	117-0.png	
36.51	3.38	18.67	3.71	1.15	204.07	0	117-1.png	
18.63	1.95	16.38	4.05	1.33	203.34	0	117-2.png	
22.97	3.0	16.0	4.03	1.43	204.49	180	117-3.png	
54.23	17.0	4.0	36.25	2.81	152.88	0	118-0.png	
15.28	9.26	5.4	10.85	2.13	154.32	30	118-1.png	
36.16	12.38	5.33	19.0	2.0	153.84	0	118-2.png	
30.26	7.68	6.25	14.76	2.22	155.88	0	118-3.png	
36.07	10.76	5.67	9.24	1.83	151.36	0	118-4.png	
51.58	16.0	5.0	20.73	1.96	154.6	0	118-5.png	
26.1	4.67	6.0	9.57	2.19	158.01	0	118-6.png	
65.45	3.57	7.0	44.43	1.86	151.13	0	119-0.png	
36.28	4.77	4.4	26.91	2.58	157.17	0	119-1.png	
50.02	5.33	6.0	26.83	2.46	171.08	0	120-0.png	
88.72	47.0	0.0	0.0	0.0	140.59	0	121-0.png	
54.11	1.78	18.5	5.78	1.21	175.99	180	121-1.png	
51.41	1.26	20.67	3.21	0.72	173.39	45	122-0.png	
67.54	4.09	11.5	11.7	1.74	176.1	45	123-0.png	
11.56	3.98	11.57	5.27	1.84	176.26	45	123-1.png	
33.99	3.98	11.8	6.37	1.59	178.16	30	123-2.png	
33.91	2.45	10.6	7.11	1.78	176.81	30	123-3.png	
56.31	20.4	2.5	70.4	3.52	152.48	0	123-4.png	
67.57	40.0	0.0	161.0	11.61	138.2	0	124-0.png	
63.15	79.0	0.0	549.0	10.84	138.88	0	124-1.png	
56.99	29.0	0.0	267.0	10.76	139.41	0	124-2.png	
38.63	37.0	0.0	362.0	11.26	136.17	0	124-3.png	
71.88	0.46	13.0	21.69	1.72	167.18	0	125-0.png	
63.08	0.52	11.5	13.98	1.72	163.04	0	125-1.png	
45.06	0.16	6.33	23.89	2.74	153.87	5	125-2.png	
59.85	3.78	4.5	54.44	4.3	161.22	15	125-3.png	
60.02	7.0	9.0	20.61	1.53	161.51	0	126-0.png	
89.41	32.0	0.0	203.0	0.0	164.45	0	126-1.png	
64.24	2.5	14.0	7.61	1.33	164.05	0	126-2.png	
38.62	1.31	12.25	4.53	1.28	163.71	-5	126-3.png	
76.95	14.0	7.0	41.43	1.3	164.06	15	126-4.png	
49.14	4.4	10.0	12.44	1.65	151.06	30	127-0.png	
57.17	14.55	2.75	65.55	3.74	143.45	0	127-1.png	
65.56	12.4	2.5	49.2	4.39	139.97	0	127-2.png	
40.11	12.46	4.33	31.69	3.5	141.35	-5	128-0.png	
45.19	75.0	0.0	591.0	23.7	133.4	0	128-1.png	
44.97	19.0	0.0	0.0	0.0	124.21	0	128-2.png	
44.99	81.0	0.0	227.0	14.53	126.5	0	128-3.png	
34.12	20.0	0.0	304.0	0.0	125.05	0	128-4.png	
90.0	40.67	1.5	59.75	13.94	148.83	0	129-0.png	
59.92	12.75	4.0	52.33	4.9	151.09	0	129-1.png	
59.94	42.0	0.0	652.0	15.98	152.62	0	129-2.png	
30.25	3.6	5.0	129.6	3.53	150.38	0	129-3.png	
51.29	6.91	7.67	13.22	2.06	160.88	45	130-0.png	
27.34	3.14	7.0	11.59	2.8	160.24	45	130-1.png	
27.57	1.0	10.0	9.32	3.06	163.25	45	130-2.png	
76.75	5.0	5.0	68.0	2.92	159.43	0	130-3.png	
64.23	2.8	10.0	15.5	2.56	162.51	0	130-4.png	
49.33	33.0	0.0	302.0	12.93	136.46	0	131-0.png	
16.69	36.0	0.0	692.0	13.56	136.91	0	131-1.png	
13.42	56.0	0.0	330.0	13.31	135.42	0	131-2.png	
38.77	48.0	0.0	194.0	0.0	135.01	0	131-3.png	
89.52	25.0	0.0	392.0	23.04	166.24	0	132-0.png	
78.53	2.0	7.0	48.57	1.77	164.98	0	132-1.png	
59.95	0.88	12.5	8.76	0.86	161.78	30	132-2.png	
54.08	5.33	6.0	20.83	2.87	153.77	30	132-3.png	
45.25	5.12	8.2	13.59	2.07	168.13	45	133-0.png	
27.38	11.03	8.43	9.49	2.08	166.35	0	133-1.png	
19.3	4.24	8.25	9.58	2.45	164.57	45	133-2.png	
27.56	8.52	9.86	6.35	1.85	167.83	45	133-3.png	
33.15	3.15	8.57	10.48	1.79	166.22	45	133-4.png	
60.32	62.0	0.0	508.0	10.18	146.53	0	134-0.png	
64.35	94.0	1.0	118.0	9.55	145.7	0	134-1.png	
65.35	66.0	0.0	293.0	12.95	147.27	0	135-0.png	
71.27	9.0	5.0	25.2	1.7	150.53	0	135-1.png	
80.9	43.0	0.0	98.0	7.29	145.91	0	136-0.png	
27.02	2.93	9.57	8.15	1.84	161.01	45	137-0.png	
69.63	46.0	0.0	21.0	13.1	133.91	0	138-0.png	
69.75	37.0	0.0	572.0	10.24	139.26	0	139-0.png	
9.63	114.0	0.0	396.0	12.21	136.16	0	139-1.png	
45.04	12.29	7.0	76.43	1.76	146.89	0	140-0.png	
78.46	52.0	0.0	50.0	10.08	147.83	0	140-1.png	
30.79	36.0	0.0	427.0	0.0	135.26	0	141-0.png	
30.45	1.7	13.5	4.96	1.38	192.82	30	142-0.png	
74.9	23.0	3.0	13.33	3.2	156.45	0	143-0.png	
45.16	1.37	20.4	4.72	1.25	169.3	15	144-0.png	
40.0	1.74	9.2	10.5	1.42	152.06	0	145-0.png	
27.68	16.24	6.83	15.44	2.04	154.19	15	146-0.png	
36.24	2.82	11.33	7.41	1.27	164.52	30	147-0.png	
36.05	8.75	6.4	16.88	2.15	153.78	0	148-0.png	
39.06	8.67	6.0	33.33	2.37	182.21	180	149-0.png	
55.98	31.0	0.0	260.0	12.47	141.69	0	150-0.png	
60.02	37.0	0.0	169.0	0.0	139.95	0	150-1.png	
67.68	72.0	0.0	288.0	11.04	135.82	0	150-2.png	
45.31	37.0	0.0	538.0	11.29	140.64	0	150-3.png	
62.9	65.0	0.0	437.0	11.39	138.29	0	150-4.png	
36.24	44.0	0.0	510.0	11.01	141.9	0	150-5.png	
22.72	34.0	0.0	397.0	9.26	139.73	0	150-6.png	
56.13	32.0	0.0	119.0	10.37	140.74	0	150-7.png	
62.98	24.0	0.0	510.0	0.0	139.18	0	150-8.png	
56.41	27.0	0.0	230.0	12.04	139.95	0	150-9.png	
45.21	2.17	13.33	6.0	1.14	203.4	45	151-0.png	
56.21	2.07	15.0	7.27	1.01	201.89	45	151-1.png	
67.3	0.38	13.0	10.19	1.23	199.41	45	151-10.png	
64.49	1.29	15.5	9.1	1.12	201.23	30	151-2.png	
54.18	6.86	12.25	7.45	1.27	200.79	45	151-3.png	
56.32	5.58	12.0	8.58	1.04	202.43	15	151-4.png	
63.07	0.47	12.67	8.53	1.27	199.59	45	151-5.png	
67.41	1.07	14.0	11.07	1.16	200.68	30	151-6.png	
56.35	1.33	14.33	6.81	0.99	201.18	45	151-7.png	
50.2	1.11	13.5	7.37	1.29	200.64	45	151-8.png	
51.47	21.0	0.0	328.0	8.96	143.38	0	152-0.png	
59.93	19.0	0.0	371.0	7.86	141.77	0	152-1.png	
56.58	41.0	0.0	193.0	8.87	143.91	0	152-2.png	
54.14	82.0	0.0	500.0	0.0	137.54	0	152-3.png	
71.74	18.0	0.0	241.0	9.79	140.82	0	152-4.png	
50.22	7.0	0.0	282.0	11.16	136.65	0	152-5.png	
64.03	26.0	1.0	466.0	8.61	138.96	0	152-6.png	
23.06	22.0	0.0	394.0	11.03	139.48	0	152-7.png	
50.2	36.0	0.0	576.0	7.0	139.78	0	152-8.png	
38.75	53.0	0.0	440.0	9.12	137.91	0	152-9.png	
56.3	2.0	14.0	7.57	1.46	178.26	30	153-0.png	
60.08	3.42	14.33	7.72	1.37	179.7	30	153-1.png	
69.93	2.26	15.5	10.94	1.47	194.41	45	153-2.png	
45.28	1.45	12.4	8.76	1.83	175.25	45	153-3.png	
80.69	0.93	14.0	31.29	1.37	179.57	30	153-4.png	
54.0	0.75	16.0	6.92	1.39	197.62	-30	153-5.png	
67.4	1.44	18.0	6.83	1.22	191.52	30	153-6.png	
40.4	0.32	18.6	3.76	1.26	194.12	0	153-7.png	
57.4	1.94	16.5	7.8	1.22	187.67	45	153-8.png	
79.88	3.2	15.0	22.4	1.62	176.61	30	153-9.png	
67.62	3.44	9.0	19.11	1.27	152.96	0	154-0.png	
59.95	2.14	11.67	15.06	1.13	153.92	0	154-1.png	
33.67	1.4	10.0	7.04	1.21	153.9	15	154-2.png	
24.9	1.53	9.14	11.0	1.32	151.99	15	154-3.png	
65.38	2.05	7.33	29.27	1.39	151.99	0	154-4.png	
36.73	6.75	4.0	31.56	2.56	147.28	0	154-5.png	
44.99	2.91	11.33	8.26	1.09	151.18	30	154-6.png	
70.01	4.5	6.0	36.25	1.8	150.43	0	154-7.png	
36.06	2.49	11.67	8.91	0.98	150.58	0	154-8.png	
67.38	6.71	7.0	14.64	1.58	151.06	0	154-9.png	
45.06	6.13	11.75	9.96	0.97	160.43	-15	155-0.png	
50.09	6.38	11.75	9.62	1.19	162.5	-30	155-1.png	
70.02	5.38	13.0	8.42	1.07	163.1	0	155-2.png	
44.98	3.49	13.75	9.8	0.97	161.72	-30	155-3.png	
63.08	6.08	13.0	12.41	1.01	159.85	-30	155-4.png	
60.14	8.38	9.67	13.45	1.2	160.02	-15	155-5.png	
54.06	6.35	11.5	12.61	1.1	162.01	-15	155-6.png	
50.22	8.88	8.0	16.16	1.37	162.02	-15	155-7.png	
69.9	2.19	10.5	8.1	1.24	160.77	0	155-8.png	
45.11	1.76	18.75	4.84	1.1	213.42	30	156-0.png	
54.47	67.0	0.0	101.0	8.03	149.29	0	157-0.png	
89.88	46.0	0.0	0.0	0.0	146.11	0	157-1.png	
11.93	30.8	2.5	52.8	3.99	146.16	45	158-0.png	
30.47	4.08	12.0	6.9	1.84	190.44	0	158-1.png	
67.38	51.0	0.0	41.0	7.83	151.43	0	158-2.png	
38.61	5.5	4.0	67.25	3.18	160.34	0	159-0.png	
89.62	22.0	0.0	300.0	0.0	163.04	0	159-1.png	
72.15	4.0	11.0	3.45	1.19	171.73	0	160-0.png	
22.96	1.43	11.17	6.18	1.31	176.44	5	160-1.png	
30.52	23.0	0.0	413.0	11.84	140.45	-5	161-0.png	
30.89	31.0	0.0	486.0	10.81	138.62	0	161-1.png	
30.27	1.41	13.5	6.11	2.39	176.46	180	162-0.png	
10.49	2.59	12.75	5.15	1.73	177.17	15	162-1.png	
51.64	6.16	6.33	16.11	2.01	173.06	0	163-0.png	
67.42	6.31	6.5	18.54	2.17	179.91	0	163-1.png	
38.94	7.53	8.5	8.62	1.58	163.63	-5	164-0.png	
23.17	7.57	7.0	19.11	1.77	160.15	15	164-1.png	
38.74	7.12	5.33	22.5	2.33	158.96	-5	165-0.png	
38.98	1.39	12.25	8.18	1.29	159.98	0	165-1.png	
64.27	2.07	13.5	2.85	1.14	184.39	180	166-0.png	
74.97	2.5	14.0	1.43	1.4	188.66	180	166-1.png	
13.26	2.03	12.33	5.15	1.58	182.05	45	167-0.png	
0.52	5.79	9.5	5.34	1.02	173.12	0	168-0.png	
22.79	7.2	8.33	8.56	1.29	172.99	0	168-1.png	
54.27	35.0	0.0	0.0	0.0	136.56	0	169-0.png	
13.4	19.0	0.0	432.0	10.86	137.74	15	169-1.png	
67.64	2.8	5.0	72.4	3.15	153.56	15	170-0.png	
51.43	3.0	5.33	25.75	1.64	153.79	0	170-1.png	
89.84	33.0	0.0	212.0	20.42	165.32	180	171-0.png	
60.05	0.84	10.67	13.12	3.26	168.71	0	171-1.png	
69.74	11.5	4.0	112.5	2.35	150.49	0	172-0.png	
18.27	8.33	3.0	27.44	3.19	148.2	0	172-1.png	
79.9	2.24	17.0	23.88	1.58	206.11	30	173-0.png	
63.03	1.91	18.33	7.09	1.43	208.69	30	173-1.png	
45.12	1.99	20.6	3.73	1.32	207.88	30	173-2.png	
54.02	2.39	18.0	6.28	1.44	211.17	30	173-3.png	
53.96	2.27	18.5	5.88	1.41	212.73	30	173-4.png	
45.19	60.0	1.0	484.0	6.75	144.84	0	174-0.png	
36.56	37.0	1.0	305.0	9.24	143.03	0	174-1.png	
18.48	7.6	5.0	66.4	1.72	142.78	0	174-2.png	
89.46	17.0	0.0	0.0	0.0	143.73	0	174-3.png	
54.26	13.0	4.0	81.0	3.29	145.82	0	174-4.png	
34.14	2.61	14.2	5.34	1.33	170.19	5	174-5.png	
89.73	64.0	0.0	0.0	0.0	146.82	0	175-0.png	
74.68	3.0	3.0	11.0	2.2	148.76	0	175-1.png	
45.04	2.69	13.75	6.4	1.02	195.06	-30	176-0.png	
67.37	5.5	14.0	4.5	1.49	171.54	15	177-0.png	
89.78	6.0	0.0	240.0	0.0	163.97	0	177-1.png	
60.04	13.0	0.0	145.0	14.26	141.17	0	178-0.png	
45.29	44.0	0.0	178.0	0.0	136.03	0	178-1.png	
77.0	4.35	20.0	11.55	0.85	197.1	180	179-0.png	
51.49	4.33	21.0	4.41	0.71	195.81	0	179-1.png	
76.89	22.0	0.0	31.0	7.68	153.38	0	180-0.png	
50.16	1.56	4.5	23.17	2.33	156.42	0	180-1.png	
64.43	1.4	21.5	6.07	0.89	195.06	45	181-0.png	
67.5	1.35	17.0	19.12	1.1	174.32	5	181-1.png	
45.09	0.97	20.6	3.48	1.09	194.01	45	181-2.png	
69.76	60.0	0.0	314.0	10.3	135.49	0	182-0.png	
40.68	39.0	0.0	236.0	15.13	129.84	0	183-0.png	
26.03	32.0	0.0	311.0	12.8	131.61	0	184-0.png	
89.71	58.0	0.0	0.0	0.0	129.58	0	184-1.png	
62.86	140.0	0.0	531.0	15.4	146.23	0	185-0.png	
59.97	35.0	0.0	141.0	17.42	151.44	0	185-1.png	
51.44	9.5	4.0	60.0	3.06	149.28	0	186-0.png	
38.67	13.25	4.0	94.25	3.44	148.56	180	186-1.png	
60.1	2.25	4.0	36.42	2.85	154.0	0	187-0.png	
54.21	47.0	0.0	283.0	7.26	149.85	0	187-1.png	
34.28	2.45	10.6	9.04	1.35	174.98	180	188-0.png	
45.17	0.55	11.0	8.6	1.41	176.4	180	188-1.png	
30.22	5.38	7.25	10.55	1.4	169.41	0	189-0.png	
25.83	24.0	0.0	71.0	7.77	133.99	0	190-0.png	
18.37	47.0	0.0	0.0	0.0	130.77	0	190-1.png	
45.36	1.4	15.0	6.48	1.41	172.1	0	191-0.png	
78.61	22.0	0.0	22.0	26.13	138.82	0	192-0.png	
54.0	4.0	0.0	601.0	12.51	138.94	0	192-1.png	
59.98	4.09	11.0	11.24	1.74	169.64	45	193-0.png	
62.92	4.11	11.67	9.8	1.53	162.71	0	193-1.png	
33.24	5.35	9.71	8.15	1.56	161.23	45	193-2.png	
33.08	2.55	12.14	7.25	1.54	166.54	180	193-3.png	
60.04	2.93	7.5	15.2	1.45	155.84	-15	194-0.png	
56.55	22.0	1.0	270.0	9.07	146.18	0	194-1.png	
26.22	6.46	6.5	16.62	1.4	151.37	15	195-0.png	
59.78	40.0	0.0	171.0	7.73	148.7	-5	195-1.png	
73.4	2.6	15.0	12.57	1.29	174.04	5	196-0.png	
25.93	7.09	3.67	34.09	2.53	157.84	0	197-0.png	
74.85	6.5	4.0	6.5	2.07	155.35	0	197-1.png	
45.04	4.25	12.0	5.69	1.67	177.34	-5	198-0.png	
76.84	3.82	11.0	20.55	1.96	182.66	0	198-1.png	
34.14	2.62	13.0	5.38	1.48	179.6	30	199-0.png	
30.31	1.36	14.0	6.23	1.27	170.67	0	199-1.png	
59.95	2.02	14.33	9.53	1.22	180.48	30	199-2.png	
10.77	2.31	13.0	4.84	1.37	180.21	15	199-3.png	
60.29	7.5	10.0	7.8	3.0	182.07	0	200-0.png	
15.13	18.0	2.33	57.14	3.84	141.98	0	201-0.png	
54.12	9.0	5.0	34.2	2.13	156.0	0	202-0.png	
57.25	6.0	7.0	23.5	1.71	157.86	0	202-1.png	
18.45	6.38	9.25	8.28	1.48	158.89	5	202-2.png	
32.94	5.79	8.29	8.16	1.54	158.57	-5	202-3.png	
45.19	6.95	8.2	15.78	1.65	157.6	0	202-4.png	
15.28	1.69	13.0	5.08	1.8	199.4	5	203-0.png	
44.9	3.73	11.0	9.48	2.81	200.7	45	203-1.png	
45.31	1.77	13.0	7.97	1.98	200.66	30	203-2.png	
45.13	1.63	12.25	7.82	2.06	200.71	5	203-3.png	
0.53	5.0	12.0	4.88	2.19	199.01	15	203-4.png	
44.95	3.71	13.2	6.74	2.08	159.34	45	204-0.png	
30.43	0.79	15.14	4.62	2.08	161.57	45	204-1.png	
30.31	0.64	17.2	6.56	1.46	162.02	-45	204-3.png	
75.0	3.25	16.0	12.5	1.81	163.76	0	204-4.png	
51.15	1.53	18.25	6.78	1.24	162.05	30	204-5.png	
51.51	2.02	17.33	5.48	1.36	169.63	0	205-0.png	
64.29	1.0	17.0	5.71	1.24	169.38	0	205-1.png	
1.12	1.07	16.8	3.33	1.78	170.45	0	205-2.png	
30.52	2.93	17.43	3.21	1.13	170.65	30	205-3.png	
67.49	2.17	18.0	6.81	1.02	170.56	30	205-4.png	
26.26	43.0	0.0	373.0	11.24	139.3	45	206-0.png	
40.18	18.0	0.0	303.0	11.07	139.23	30	206-1.png	
71.78	14.0	0.0	152.0	11.32	137.65	0	206-2.png	
67.76	62.0	0.0	132.0	9.18	137.19	0	206-3.png	
49.44	84.0	0.0	579.0	10.98	139.33	0	206-4.png	
45.4	3.69	12.75	7.59	0.77	155.67	-30	207-0.png	
27.38	3.99	18.29	3.7	0.67	157.02	-30	207-1.png	
60.0	3.0	13.33	9.93	1.2	169.81	0	207-2.png	
77.2	2.71	14.0	10.71	0.71	156.62	0	207-3.png	
71.87	0.76	18.5	10.73	0.7	157.34	-30	207-4.png	
45.43	2.89	14.2	7.25	0.77	156.22	-30	207-5.png	
44.82	1.97	16.75	3.99	0.79	185.29	45	208-0.png	
89.56	28.0	0.0	141.0	0.0	191.48	0	208-1.png	
73.46	1.35	21.5	4.56	0.7	190.12	45	208-2.png	
89.57	24.0	0.0	54.0	0.0	192.31	0	208-3.png	
79.5	1.89	18.0	7.83	0.0	192.2	45	208-4.png	
78.42	3.57	14.0	26.5	1.26	170.73	0	209-0.png	
50.07	1.1	15.5	6.59	1.17	170.92	15	209-1.png	
60.23	3.55	11.0	13.48	1.45	169.81	15	209-2.png	
71.54	1.71	10.5	17.71	1.55	166.82	-15	209-3.png	
56.23	3.75	12.0	12.58	1.27	171.1	15	209-4.png	
38.92	57.0	0.0	241.0	12.84	136.34	0	210-0.png	
50.02	44.0	0.0	364.0	13.38	139.33	0	210-1.png	
77.06	3.18	17.0	12.35	1.79	199.4	30	211-0.png	
27.82	1.51	19.88	3.54	1.47	197.92	30	211-1.png	
70.07	4.11	9.0	25.17	1.83	176.65	0	212-0.png	
49.19	4.29	8.4	15.33	1.78	174.02	180	212-1.png	
67.33	9.83	6.0	17.0	2.19	156.22	15	212-2.png	
76.89	54.0	1.0	300.0	10.39	155.95	0	213-0.png	
26.0	20.73	3.67	34.09	2.75	157.0	0	213-1.png	
51.46	12.67	4.5	34.56	2.42	154.93	0	213-2.png	
45.22	3.9	10.0	10.3	2.08	189.34	180	214-0.png	
64.11	5.41	8.5	18.29	2.35	188.33	0	214-1.png	
22.72	6.98	7.17	11.37	1.4	153.25	180	215-0.png	
49.97	6.83	6.0	11.21	1.53	150.86	0	215-1.png	
89.44	18.0	0.0	444.0	0.0	178.77	0	216-0.png	
78.45	6.0	8.0	17.12	2.44	176.28	0	216-1.png	
56.38	9.32	12.33	10.14	2.49	188.1	-5	217-0.png	
25.97	0.15	13.0	5.25	1.92	190.09	0	217-1.png	
70.03	12.25	8.0	31.75	2.39	185.3	0	217-2.png	
78.54	34.0	0.0	222.0	13.24	136.03	0	218-0.png	
0.79	67.0	0.0	0.0	0.0	124.69	0	219-0.png	
38.73	3.01	17.25	4.93	1.57	185.57	15	220-0.png	
90.0	46.0	0.0	0.0	0.0	132.08	0	221-0.png	
27.52	12.0	4.67	20.32	2.56	152.64	0	222-0.png	
25.15	25.0	0.0	517.0	14.45	133.01	0	223-0.png	
89.87	26.0	0.0	622.0	25.96	166.05	15	224-0.png	
40.18	4.14	5.8	17.52	2.23	158.21	0	225-0.png	
34.0	2.78	14.4	5.29	2.18	203.72	45	226-0.png	
36.23	5.45	12.67	6.89	2.42	184.88	-5	227-0.png	
25.89	0.26	7.75	14.1	1.54	159.92	0	228-0.png	
60.26	36.0	0.0	199.0	17.3	130.92	0	229-0.png	
89.86	33.0	0.0	249.0	0.0	194.49	0	230-0.png	
45.01	2.79	16.5	4.27	0.94	192.84	45	230-1.png	
30.45	4.32	11.33	7.06	1.46	177.79	5	231-0.png	
23.18	6.6	10.0	26.05	1.63	172.32	0	231-1.png	
38.73	10.72	6.25	21.96	2.6	168.82	0	232-0.png	
59.76	6.9	10.0	17.95	1.84	169.46	-15	232-1.png	
89.39	62.0	0.0	314.0	0.0	171.89	0	233-0.png	
76.81	13.0	3.0	55.67	3.31	170.09	0	233-1.png	
56.38	43.0	0.0	507.0	11.81	134.73	0	234-0.png	
26.01	55.0	0.0	332.0	10.15	135.86	15	234-1.png	
78.43	1.65	17.0	16.59	0.81	190.17	45	235-0.png	
45.25	2.34	17.5	4.1	0.9	188.17	0	235-1.png	
74.45	2.91	11.0	22.64	1.89	184.82	-5	236-0.png	
56.23	4.23	14.67	4.8	0.89	177.98	0	237-0.png	
64.25	3.71	14.0	9.93	0.94	176.22	-30	237-1.png	
60.44	4.14	9.67	15.59	3.19	208.54	30	238-0.png	
89.44	49.0	0.0	0.0	0.0	149.75	0	239-0.png	
45.31	44.0	0.0	367.0	8.88	149.39	0	239-1.png	
45.11	31.33	3.0	75.0	3.24	154.46	0	239-2.png	
71.91	2.67	3.0	31.67	2.93	159.32	0	239-3.png	
45.01	5.9	9.67	5.34	1.39	177.22	180	240-0.png	
34.46	2.33	9.0	12.42	1.43	177.1	0	240-1.png	
60.03	9.67	6.0	19.67	2.25	162.4	0	241-0.png	
51.55	6.21	9.33	5.96	1.63	165.02	0	241-1.png	
38.66	8.0	7.5	12.53	2.07	165.87	180	241-2.png	
45.29	9.22	9.0	9.33	1.9	165.88	0	241-3.png	
64.06	5.09	11.0	15.64	1.43	164.61	15	242-0.png	
77.28	14.0	4.0	75.75	2.61	159.43	0	242-1.png	
23.06	8.25	5.33	16.5	1.57	156.32	30	242-2.png	
53.45	7.47	7.5	7.13	1.7	156.74	30	243-0.png	
59.86	15.0	3.0	48.67	3.86	151.68	0	243-1.png	
76.92	7.6	5.0	48.2	1.78	157.99	0	243-2.png	
71.8	29.0	0.0	241.0	10.16	137.79	0	244-0.png	
89.64	16.0	0.0	284.0	0.0	157.11	0	245-0.png	
57.3	9.75	4.0	54.17	2.84	167.71	0	246-0.png	
81.55	3.0	9.0	37.0	1.59	166.61	0	246-1.png	
69.75	0.55	5.5	35.45	1.79	167.76	0	246-2.png	
74.64	2.33	9.0	28.22	1.57	168.26	0	246-3.png	
80.88	4.0	12.0	24.08	1.39	202.26	45	247-0.png	
81.68	2.27	11.0	32.73	1.36	196.28	15	247-1.png	
89.58	24.0	0.0	269.0	0.0	198.14	0	247-2.png	
80.82	3.15	13.0	25.69	1.17	198.13	45	247-3.png	
80.73	4.44	9.0	37.11	1.81	197.56	30	247-4.png	
33.9	4.71	10.2	8.16	1.69	179.83	0	248-0.png	
18.31	2.55	8.62	7.83	1.56	178.7	180	248-1.png	
62.7	2.79	9.67	19.21	1.68	180.14	0	248-2.png	
64.13	10.47	8.5	5.12	1.34	177.47	0	248-3.png	
89.68	26.0	0.0	0.0	0.0	178.49	0	248-4.png	
53.83	4.18	16.5	5.58	1.24	183.3	30	249-0.png	
78.46	10.71	7.0	36.0	3.84	187.78	0	250-0.png	
54.0	3.74	7.75	19.23	1.92	190.5	0	250-1.png	
36.33	2.65	27.17	1.99	0.72	217.96	15	251-0.png	
30.18	1.92	13.0	6.12	1.44	190.36	45	252-0.png	
49.17	2.41	15.8	5.61	1.15	182.48	45	253-0.png	
89.56	16.0	0.0	382.0	29.56	195.67	-45	254-0.png	
90.0	8.0	0.0	469.0	30.12	200.19	-45	254-1.png	
66.97	2.0	14.0	48.14	3.02	193.71	-45	255-0.png	
64.18	0.18	11.0	16.27	1.3	166.32	0	256-0.png	
45.3	3.0	14.0	5.62	1.29	166.96	0	256-1.png	
79.74	57.0	0.0	0.0	0.0	132.02	0	257-0.png	
15.17	62.0	0.0	0.0	0.0	129.92	0	258-0.png	
40.35	1.91	15.2	5.24	1.68	185.41	30	259-0.png	
45.33	1.61	18.0	8.92	2.37	170.11	45	259-1.png	
26.05	38.0	0.0	406.0	11.75	137.94	0	260-0.png	
38.89	8.8	5.0	25.33	1.86	145.23	0	261-0.png	
40.14	10.0	2.0	190.5	3.12	132.96	0	262-0.png	
78.96	198.0	0.0	0.0	0.0	123.8	0	263-0.png	
80.78	43.0	0.0	0.0	0.0	119.43	0	264-0.png	
54.1	31.0	0.0	0.0	0.0	118.66	0	265-0.png	
45.14	2.75	10.2	10.02	1.86	176.56	0	266-0.png	
26.0	3.26	14.4	5.25	1.36	196.92	15	267-0.png	
74.79	39.0	0.0	284.0	8.71	154.11	0	268-0.png	
77.06	85.0	0.0	0.0	0.0	126.21	0	269-0.png	
51.36	60.0	0.0	203.0	8.57	149.45	0	270-0.png	
60.0	1.71	14.0	32.93	2.65	206.48	-45	272-0.png	
54.14	0.0	18.86	4.08	1.68	209.0	0	272-1.png	
36.4	1.02	17.67	7.89	2.19	207.51	-45	272-2.png	
30.05	3.37	9.5	8.53	1.35	165.68	0	272-3.png	
76.75	6.0	8.0	6.25	1.74	182.66	0	273-0.png	
64.3	9.1	10.0	16.15	1.79	182.18	15	273-1.png	
76.89	12.29	7.0	39.71	1.89	175.15	0	273-2.png	
89.88	109.0	0.0	0.0	0.0	183.21	0	273-3.png	
64.33	10.0	7.5	16.73	2.34	178.74	15	273-4.png	
38.86	5.9	10.5	8.95	1.83	167.91	0	274-0.png	
89.92	50.0	0.0	100.0	0.0	165.99	0	274-1.png	
72.43	26.0	0.0	196.0	5.95	168.05	-5	274-2.png	
45.09	7.24	9.67	12.55	1.36	165.91	0	274-3.png	
23.15	63.0	0.0	405.0	15.68	143.15	0	275-0.png	
2.15	88.0	0.0	615.0	9.88	145.47	0	275-1.png	
79.69	73.0	0.0	24.0	12.15	143.82	0	276-0.png	
71.65	130.0	0.0	20.0	12.78	139.45	0	276-1.png	
22.97	26.0	4.0	57.88	3.13	152.34	45	277-0.png	
11.99	43.5	2.0	89.5	5.33	156.48	0	277-1.png	
30.19	5.46	13.0	6.33	1.39	196.54	30	278-0.png	
38.85	4.17	11.75	9.13	1.28	194.24	180	278-1.png	
38.95	5.65	5.67	27.76	1.74	171.54	-5	279-0.png	
30.13	0.47	10.67	8.98	1.67	175.85	180	279-1.png	
45.01	3.74	11.75	9.06	1.83	173.79	15	280-0.png	
45.04	3.74	11.75	4.34	1.77	171.91	45	280-1.png	
51.37	13.33	3.0	131.0	3.35	146.95	-15	281-0.png	
0.54	4.33	9.7	6.06	1.42	188.76	15	281-1.png	
30.02	0.0	22.5	2.42	0.82	174.72	180	282-0.png	
49.18	0.0	20.4	4.36	0.82	175.85	180	282-1.png	
0.54	2.24	10.7	5.31	1.28	184.8	15	283-0.png	
36.13	5.91	10.67	6.47	1.17	181.91	15	283-1.png	
67.34	27.0	0.0	0.0	0.0	131.57	0	285-0.png	
63.63	49.0	0.0	154.0	8.7	136.53	0	285-1.png	
77.58	111.0	0.0	32.0	14.65	134.65	0	285-2.png	
71.84	5.0	0.0	33.0	0.0	135.25	0	285-3.png	
62.88	12.0	0.0	582.0	0.0	138.01	0	285-4.png	
76.91	3.4	15.0	13.47	1.08	183.96	45	286-0.png	
30.25	2.27	17.6	6.34	1.34	185.71	-45	286-1.png	
89.76	48.0	0.0	401.0	35.08	185.57	-45	286-2.png	
23.14	1.14	17.57	3.6	2.02	184.38	180	286-3.png	
57.06	1.38	13.75	9.29	1.14	174.52	0	287-0.png	
57.33	1.66	7.25	12.86	1.48	170.0	-15	287-1.png	
49.1	5.15	6.8	12.35	1.63	165.95	-15	287-2.png	
71.68	6.0	5.5	14.45	3.2	164.76	0	287-3.png	
57.33	4.89	6.33	34.21	2.4	164.06	-15	287-4.png	
67.58	8.86	3.5	33.57	2.07	152.39	-30	288-0.png	
22.73	2.93	7.17	9.19	1.42	158.26	-30	288-1.png	
67.46	10.4	2.5	34.6	3.67	156.69	0	288-2.png	
50.09	2.06	8.75	8.94	1.2	160.06	-15	288-3.png	
80.79	1.88	8.0	52.75	1.45	155.87	0	288-4.png	
67.3	1.64	14.0	12.79	1.86	178.93	-30	289-0.png	
37.93	1.34	17.14	4.3	1.54	181.34	180	289-1.png	
70.03	3.73	15.0	8.33	1.62	181.02	-30	289-2.png	
59.96	2.56	16.0	10.77	1.88	179.75	-30	289-3.png	
67.3	3.94	15.5	13.68	1.88	178.54	-5	289-4.png	
79.56	1.88	16.0	19.38	1.62	179.54	5	290-0.png	
71.89	29.6	2.5	33.0	2.41	145.74	0	291-0.png	
72.01	86.0	0.0	444.0	8.5	144.87	0	291-1.png	
76.91	42.0	0.0	33.0	7.08	146.69	0	291-2.png	
60.04	26.25	4.0	19.42	2.38	147.63	0	291-3.png	
65.25	3.49	12.33	17.05	1.18	160.55	0	292-0.png	
73.42	2.17	11.5	20.78	1.31	161.46	-15	292-1.png	
57.24	5.33	13.5	10.94	1.42	166.71	-15	292-2.png	
79.83	3.75	12.0	1.58	1.71	159.45	-30	292-3.png	
79.61	3.14	14.0	11.64	1.69	164.25	0	292-4.png	
59.91	5.14	7.0	15.0	2.45	141.52	0	293-0.png	
45.27	46.0	0.0	368.0	12.35	141.15	0	293-1.png	
74.9	28.0	0.0	229.0	0.0	139.1	0	293-2.png	
72.0	41.0	0.0	0.0	0.0	137.7	0	293-3.png	
89.45	20.0	0.0	0.0	0.0	140.53	0	293-4.png	
78.67	42.0	0.0	253.0	0.0	194.57	0	294-0.png	
74.88	0.72	18.0	32.72	0.94	192.62	-5	294-1.png	
81.44	52.0	0.0	550.0	0.0	191.54	0	294-2.png	
73.58	0.9	21.0	11.64	1.04	195.09	0	294-3.png	
89.7	2.0	0.0	0.0	0.0	207.82	0	295-0.png	
79.83	5.64	14.0	39.21	1.74	206.61	180	295-1.png	
67.58	1.42	24.0	13.38	1.23	191.92	45	296-0.png	
45.12	1.42	24.0	5.78	1.49	188.09	-45	296-1.png	
15.87	1.41	24.78	2.21	1.24	193.68	30	296-2.png	
27.23	5.59	14.14	5.05	1.42	191.79	45	297-0.png	
36.3	3.0	12.0	7.54	1.59	200.55	45	297-1.png	
27.35	6.08	12.0	5.23	1.5	198.69	180	297-2.png	
41.06	0.57	10.5	9.67	2.75	193.81	45	298-0.png	
50.08	3.48	11.5	10.59	2.52	196.43	45	298-1.png	
71.85	5.76	12.5	15.64	2.53	197.87	-30	298-2.png	
67.53	3.7	20.0	10.38	1.31	202.91	45	299-0.png	
40.2	3.16	21.83	3.11	0.97	206.45	45	299-1.png	
63.08	2.54	19.67	5.24	0.99	207.81	30	299-2.png	
36.26	2.59	14.67	5.0	1.52	193.22	45	300-0.png	
18.24	3.02	13.25	5.26	1.29	195.31	45	300-1.png	
62.95	2.25	16.0	11.0	1.35	207.77	180	300-2.png	
65.46	1.71	21.0	7.38	1.02	207.79	30	301-0.png	
74.63	1.38	21.0	13.19	1.41	206.23	45	301-1.png	
59.83	2.07	20.33	8.02	1.06	207.03	-15	302-0.png	
56.17	0.41	9.67	9.93	1.2	151.9	-5	303-0.png	
30.33	6.3	13.33	5.76	1.13	202.95	180	304-0.png	
63.05	12.0	8.0	15.88	1.68	158.3	180	305-0.png	
15.83	9.3	6.67	15.2	2.09	156.59	30	307-0.png	
34.04	5.17	17.8	4.01	1.02	205.02	45	308-0.png	
60.0	0.33	36.0	6.75	1.03	210.82	-45	310-0.png	
45.12	19.0	0.0	315.0	8.66	139.39	0	312-0.png	
12.82	2.07	20.29	2.44	0.92	174.74	45	313-0.png	
11.44	0.61	27.86	2.71	0.81	171.88	45	314-0.png	
45.0	1.71	8.75	11.46	2.32	168.97	0	315-0.png	
45.13	2.47	8.5	10.35	1.46	169.56	0	315-1.png	
45.11	3.0	10.0	6.35	2.2	172.6	45	315-2.png	
56.52	12.14	7.0	18.57	1.49	168.58	0	315-3.png	
51.9	16.5	2.0	132.5	6.62	166.01	30	315-4.png	
22.54	6.55	5.5	12.27	1.61	168.08	30	315-5.png	
56.49	6.14	7.0	15.21	2.9	171.22	30	315-6.png	
57.3	61.0	0.0	397.0	14.07	133.84	0	316-0.png	
64.5	82.0	0.0	0.0	0.0	122.49	0	317-0.png	
56.11	31.0	0.0	347.0	18.12	153.44	0	318-0.png	
89.49	36.0	0.0	332.0	41.0	205.51	-45	319-0.png	
56.27	2.8	14.67	9.82	1.33	202.84	0	320-0.png	
51.4	2.09	15.33	7.35	1.38	202.77	15	320-1.png	
33.87	5.33	4.5	49.67	2.39	144.73	0	321-0.png	
64.32	5.62	8.0	8.38	1.76	154.71	0	321-1.png	
45.02	4.53	9.5	16.0	1.21	149.68	0	322-0.png	
20.59	2.37	6.33	25.47	1.88	149.05	-30	323-0.png	
38.71	3.57	7.0	35.43	1.54	152.23	0	324-0.png	
44.98	0.2	5.0	66.8	2.08	152.55	0	324-1.png	
80.6	0.11	9.0	42.0	0.96	149.14	0	325-0.png	
1.17	3.05	5.57	12.79	1.5	149.04	0	325-1.png	
75.05	11.0	3.0	6.67	3.25	151.88	0	326-0.png	
54.01	51.0	0.0	27.0	10.96	143.55	0	327-0.png	
74.88	13.0	0.0	169.0	13.04	160.98	-30	328-0.png	
65.33	31.0	2.0	115.5	5.84	157.72	0	328-1.png	
64.28	3.14	14.0	10.54	1.57	182.35	180	329-0.png	
54.03	2.13	15.0	9.87	1.49	184.04	-5	329-1.png	
10.52	7.68	9.25	7.3	2.1	200.33	180	330-0.png	
30.64	6.33	12.0	3.67	2.28	202.97	15	330-1.png	
70.0	8.47	8.5	23.35	2.25	203.26	-5	330-2.png	
45.07	8.11	9.25	12.76	2.02	200.65	180	330-3.png	
45.15	2.34	16.67	5.26	1.18	198.91	0	331-0.png	
62.79	2.03	11.33	16.79	1.6	151.97	30	332-0.png	
56.26	3.94	10.67	12.28	1.82	157.84	45	332-1.png	
89.78	63.0	0.0	238.0	0.0	155.93	0	332-2.png	
56.23	3.77	10.33	13.97	1.49	155.62	15	332-3.png	
59.93	6.82	8.5	11.76	1.91	154.72	0	332-4.png	
45.29	4.46	8.75	11.74	1.67	155.28	0	332-5.png	
89.59	42.0	0.0	111.0	0.0	154.24	0	332-6.png	
78.48	3.78	9.0	32.33	1.45	155.55	0	332-7.png	
80.09	0.53	15.0	39.47	1.47	192.28	180	333-0.png	
45.43	0.99	17.2	6.99	1.64	193.97	5	333-1.png	
59.99	3.09	11.33	11.15	1.98	186.67	0	333-2.png	
45.1	1.07	14.0	7.0	1.34	191.53	180	333-3.png	
65.5	4.31	16.0	12.35	1.38	191.76	5	333-4.png	
51.42	2.44	14.33	9.05	1.53	191.04	180	333-5.png	
79.79	2.0	13.0	37.15	1.18	189.82	15	333-6.png	
0.81	2.45	13.88	3.87	1.26	190.07	15	333-7.png	
40.14	2.74	12.4	6.02	1.34	188.35	180	333-8.png	
27.34	6.25	4.0	49.5	3.76	164.39	180	334-0.png	
78.27	40.0	0.0	35.0	11.34	162.48	0	334-1.png	
0.48	10.65	5.17	12.26	2.69	169.73	-5	334-2.png	
56.22	5.07	7.5	35.87	1.65	168.09	30	334-3.png	
60.22	15.0	4.0	99.0	3.32	166.29	0	334-4.png	
30.3	6.0	5.0	23.88	2.56	168.84	45	334-5.png	
64.42	7.33	6.0	30.0	2.68	169.83	0	334-6.png	
78.65	20.5	2.0	15.5	6.97	167.48	0	334-7.png	
78.59	9.75	4.0	10.0	3.05	166.89	0	334-8.png	
0.59	3.54	11.86	4.83	1.75	188.31	-5	335-0.png	
60.2	3.26	9.5	5.21	1.94	185.79	5	335-1.png	
56.46	3.36	11.0	11.55	1.65	187.26	15	335-2.png	
18.4	3.17	12.0	5.48	1.88	184.5	180	335-3.png	
36.4	2.64	11.0	9.27	1.7	180.87	15	335-4.png	
30.25	2.78	11.5	6.5	1.5	182.86	15	335-5.png	
30.26	3.91	10.75	7.95	1.74	182.28	180	335-6.png	
45.14	4.29	10.25	11.51	1.78	185.16	180	335-7.png	
30.12	2.0	14.0	4.18	0.98	197.52	0	336-0.png	
13.19	3.48	13.5	4.44	0.94	202.49	45	336-1.png	
18.24	4.75	13.25	5.15	0.98	201.25	0	336-2.png	
64.33	3.24	14.5	11.79	0.9	200.6	15	336-3.png	
40.35	7.43	13.6	6.91	1.04	201.24	-45	336-4.png	
18.76	4.44	15.75	3.1	0.86	203.21	15	336-5.png	
60.18	3.13	15.0	7.67	0.92	200.82	15	336-6.png	
0.38	3.51	12.83	4.19	1.09	201.63	15	336-7.png	
51.51	4.12	13.33	7.57	0.97	202.12	15	336-8.png	
51.59	21.0	1.0	458.0	17.19	132.51	0	337-0.png	
54.15	45.0	0.0	0.0	0.0	128.85	0	337-1.png	
54.16	77.0	0.0	24.0	15.81	132.31	0	337-2.png	
60.26	129.0	0.0	0.0	0.0	133.1	0	337-3.png	
51.53	2.89	9.0	41.0	2.18	134.53	0	337-4.png	
23.19	62.0	0.0	242.0	14.65	138.37	0	337-5.png	
36.19	4.44	9.0	11.28	2.34	148.04	-30	337-6.png	
36.36	10.22	4.5	17.44	3.39	143.37	0	337-7.png	
30.3	3.81	10.75	8.26	1.64	160.44	180	337-8.png	
78.81	2.17	12.0	29.83	1.19	174.79	15	338-0.png	
60.11	2.37	13.5	5.81	1.13	177.23	30	338-1.png	
0.69	3.05	11.8	4.53	1.16	171.67	45	338-2.png	
13.45	3.04	13.17	4.66	1.13	179.39	45	338-3.png	
20.55	2.2	12.29	5.2	1.35	171.48	180	338-4.png	
36.34	2.84	12.67	6.95	1.09	177.89	30	338-5.png	
30.18	3.31	13.0	5.98	1.07	175.84	30	338-6.png	
15.45	2.24	13.4	4.4	1.06	178.44	0	338-7.png	
64.28	2.96	11.5	10.48	1.16	177.18	15	338-8.png	
54.44	11.77	4.33	41.77	2.91	158.98	0	339-0.png	
51.63	11.81	5.33	15.0	1.95	158.13	0	339-1.png	
15.48	20.23	4.4	13.91	2.3	160.3	0	339-2.png	
45.01	8.57	9.33	12.43	2.27	193.65	180	339-3.png	
22.82	10.65	5.17	16.52	1.88	158.23	5	339-4.png	
45.21	6.43	4.67	31.43	2.31	155.89	0	339-5.png	
38.52	23.33	3.0	131.67	3.37	154.23	0	339-6.png	
22.95	12.08	4.8	21.42	2.16	155.88	-5	339-7.png	
51.66	15.0	4.0	20.58	2.52	153.55	-15	339-8.png	
22.77	10.76	5.67	22.06	1.89	151.71	-15	339-9.png	
79.9	4.2	10.0	17.0	1.65	190.42	0	340-0.png	
25.94	5.69	10.2	7.88	2.14	193.99	45	340-1.png	
64.3	4.75	12.0	8.75	1.66	194.25	30	340-2.png	
59.94	3.0	11.0	11.21	2.41	193.47	45	340-3.png	
54.13	6.0	9.0	13.17	2.12	193.29	180	340-4.png	
60.17	3.91	11.0	4.91	1.97	193.23	0	340-5.png	
38.81	3.39	11.5	4.48	1.94	191.99	5	340-6.png	
38.69	3.22	11.5	5.41	1.83	193.02	0	340-7.png	
54.1	1.64	11.0	11.64	1.72	171.97	15	341-0.png	
22.93	2.1	13.83	5.42	1.54	174.16	30	341-2.png	
25.95	4.31	14.4	5.17	1.7	175.69	0	341-3.png	
49.99	1.82	14.25	7.61	1.51	177.27	30	341-4.png	
44.97	1.06	14.2	8.76	1.67	174.1	5	341-5.png	
77.12	2.59	17.0	4.65	1.68	177.69	180	341-6.png	
56.44	4.95	12.33	11.43	1.82	168.78	15	341-7.png	
60.08	2.37	12.67	10.89	1.74	177.18	45	341-8.png	
39.96	2.74	14.6	6.93	1.97	177.4	0	341-9.png	
80.83	7.19	16.0	28.31	1.34	181.63	-5	342-0.png	
33.87	3.36	11.6	7.17	1.86	181.26	0	342-1.png	
45.15	3.37	13.67	3.46	1.49	183.58	0	342-2.png	
45.0	3.02	14.25	7.33	1.71	185.92	-5	342-3.png	
63.01	7.22	12.33	12.46	2.0	184.6	180	342-4.png	
59.98	3.79	14.0	10.54	1.45	185.45	15	342-5.png	
51.73	2.62	13.0	5.69	2.13	182.79	0	342-6.png	
64.39	2.86	14.0	11.61	1.69	181.77	0	342-7.png	
50.08	2.14	14.0	7.86	2.15	198.55	-5	342-8.png	
33.94	38.0	1.0	194.5	9.28	148.92	0	343-0.png	
30.1	61.0	0.0	238.0	7.42	145.39	0	343-1.png	
15.46	79.0	0.0	366.0	9.01	146.71	0	343-2.png	
77.17	48.0	0.0	30.0	7.58	148.6	0	343-3.png	
40.16	38.0	1.0	387.0	7.21	148.38	0	343-4.png	
18.42	80.0	0.0	320.0	10.0	146.66	0	343-5.png	
30.25	55.0	0.0	381.0	9.05	147.13	0	343-6.png	
89.66	69.0	0.0	0.0	0.0	150.28	0	343-7.png	
56.43	55.0	0.0	448.0	7.57	151.42	0	343-8.png	
36.18	1.23	13.0	6.14	1.31	185.3	30	344-0.png	
67.44	2.5	10.0	16.45	1.82	187.27	45	344-1.png	
45.18	3.2	10.0	11.08	2.14	180.52	45	344-10.png	
51.64	2.05	13.67	7.29	1.4	187.6	30	344-2.png	
40.33	0.7	11.4	7.63	1.3	185.28	45	344-3.png	
81.26	0.67	12.0	39.58	1.92	183.62	30	344-4.png	
38.71	3.18	11.0	8.73	1.91	183.92	0	344-5.png	
40.86	2.5	2.0	323.0	4.81	143.76	45	344-6.png	
76.61	52.0	0.0	361.0	11.49	143.53	0	344-7.png	
40.15	2.29	11.8	7.05	1.56	183.48	15	344-8.png	
40.34	1.39	10.8	7.76	1.93	180.85	30	344-9.png	
49.09	6.0	1.0	474.0	10.64	144.2	45	345-0.png	
73.03	21.0	0.0	558.0	10.13	144.27	45	345-1.png	
67.39	26.5	2.0	60.25	3.91	147.09	45	345-2.png	
40.93	30.0	0.0	509.0	8.16	145.15	45	345-3.png	
45.08	34.0	0.0	574.0	9.69	143.24	0	345-4.png	
69.89	35.0	0.0	280.0	7.67	145.57	0	345-5.png	
81.59	26.0	0.0	572.0	5.89	146.28	45	345-6.png	
49.1	26.0	0.0	496.0	18.99	139.2	45	346-0.png	
36.47	56.0	0.0	506.0	29.04	136.21	30	346-1.png	
77.03	68.0	0.0	0.0	0.0	132.06	0	346-2.png	
27.8	48.0	0.0	597.0	33.8	132.06	180	346-3.png	
49.39	72.0	0.0	504.0	41.73	132.11	15	346-4.png	
45.46	69.0	0.0	493.0	18.35	137.4	0	346-5.png	
60.12	58.0	1.0	301.0	18.94	139.83	30	346-6.png	
40.05	6.88	8.0	11.68	2.53	147.26	45	346-7.png	
36.12	4.25	12.0	7.11	1.65	154.88	45	346-8.png	
70.0	21.0	0.0	195.0	0.0	126.37	0	347-0.png	
38.92	46.0	0.0	46.0	0.0	126.66	0	347-1.png	
60.04	67.0	0.0	0.0	0.0	129.05	0	347-2.png	
77.06	41.0	0.0	34.0	17.05	127.95	0	347-3.png	
39.98	23.0	0.0	217.0	24.2	124.73	0	347-4.png	
54.21	56.0	0.0	115.0	0.0	130.64	0	347-5.png	
45.35	40.0	0.0	223.0	11.68	133.16	0	347-6.png	
59.88	42.0	0.0	78.0	11.1	130.8	0	347-7.png	
67.58	40.0	0.0	47.0	0.0	133.61	0	347-8.png	
69.97	2.85	13.0	17.85	1.21	178.15	0	348-0.png	
76.93	5.0	12.0	23.25	1.24	178.68	-15	348-1.png	
72.07	1.0	12.0	17.67	1.65	178.96	-15	348-2.png	
76.89	4.23	13.0	22.23	1.28	179.62	15	348-3.png	
69.97	3.17	12.0	19.75	1.55	178.46	-45	348-4.png	
74.99	2.18	11.0	22.45	1.86	179.55	-5	348-5.png	
60.07	5.55	11.0	4.09	1.76	178.55	15	348-6.png	
89.84	64.0	0.0	332.0	0.0	178.27	0	348-7.png	
45.19	4.8	12.5	6.56	1.33	176.74	-15	348-8.png	
10.44	22.0	2.0	11.0	5.61	140.47	0	349-0.png	
38.82	66.0	0.0	22.0	10.42	138.81	0	349-1.png	
38.67	78.0	0.0	0.0	0.0	146.28	0	349-2.png	
59.89	83.0	0.0	0.0	0.0	139.99	0	349-3.png	
77.01	108.0	0.0	0.0	0.0	144.64	0	349-4.png	
51.53	66.0	0.0	0.0	0.0	139.37	0	349-5.png	
54.1	100.0	0.0	20.0	10.94	141.3	0	349-6.png	
67.56	64.0	0.0	0.0	0.0	140.75	0	349-7.png	
80.79	54.0	0.0	0.0	0.0	142.42	0	349-8.png	
60.04	0.57	7.0	28.05	1.13	165.05	0	350-0.png	
49.99	1.38	7.25	17.86	1.14	165.4	0	350-1.png	
77.14	9.0	6.0	23.83	1.34	165.34	0	350-2.png	
89.64	8.0	0.0	66.0	0.0	166.83	0	350-3.png	
50.02	3.0	14.67	9.66	1.01	159.13	-15	351-0.png	
57.08	1.71	14.0	8.95	0.95	158.58	0	351-1.png	
30.24	1.59	14.5	5.02	1.08	159.11	0	351-2.png	
32.74	1.64	14.0	3.71	1.11	159.15	-15	351-3.png	
11.67	4.94	10.33	6.34	1.03	157.9	0	351-4.png	
77.12	4.3	10.0	36.1	1.53	169.35	0	352-0.png	
60.05	4.24	9.67	10.07	1.4	168.43	45	352-1.png	
64.45	6.1	10.0	13.05	1.41	168.06	0	352-2.png	
89.6	46.0	0.0	0.0	0.0	167.93	0	352-3.png	
38.89	6.52	9.67	12.79	1.69	167.64	45	352-4.png	
73.45	2.17	11.5	23.65	1.53	170.86	0	353-0.png	
89.75	45.0	0.0	349.0	3.0	207.44	-15	353-1.png	
73.59	0.48	16.5	15.39	0.93	205.91	0	353-2.png	
81.63	0.43	14.0	35.86	1.2	207.05	180	353-3.png	
67.17	3.66	14.5	12.17	1.29	202.86	180	353-4.png	
67.5	11.0	4.0	19.62	3.32	151.39	0	354-0.png	
79.3	35.0	0.0	23.0	11.98	150.73	0	354-1.png	
65.38	3.0	5.33	28.44	1.9	151.01	0	354-2.png	
54.08	0.0	2.33	35.14	3.98	149.92	0	354-3.png	
62.81	14.0	1.0	250.0	10.84	148.06	0	354-4.png	
77.04	3.1	10.0	34.8	1.04	179.33	15	355-0.png	
51.23	5.07	9.67	7.66	1.24	180.36	180	355-1.png	
80.73	1.08	12.0	33.67	1.03	182.07	180	355-2.png	
71.85	1.0	10.0	21.45	1.17	182.27	180	355-3.png	
75.06	5.92	12.0	19.5	0.92	183.45	180	355-4.png	
49.5	3.36	22.0	3.75	1.33	208.71	30	356-0.png	
27.38	2.21	19.0	3.46	1.03	205.32	30	356-1.png	
67.42	2.4	12.5	17.6	1.9	187.88	0	357-0.png	
40.07	0.87	15.0	8.25	1.22	195.02	30	357-1.png	
75.07	1.15	13.0	26.69	1.42	184.69	0	357-2.png	
30.26	6.22	13.67	6.59	1.4	207.76	15	359-0.png	
16.75	1.17	17.11	3.41	1.34	211.12	30	360-0.png	
89.46	68.0	0.0	430.0	0.0	211.4	-45	361-0.png	
79.78	42.0	0.0	29.0	9.83	142.64	0	362-0.png	
74.98	29.0	0.0	238.0	8.26	139.23	0	363-0.png	
54.06	7.62	8.67	19.62	1.65	154.93	-5	364-0.png	
45.32	23.0	3.0	40.83	2.69	145.68	0	364-1.png	
64.42	4.33	6.0	54.17	2.07	149.11	0	365-0.png	
69.93	19.0	2.0	216.0	6.39	159.9	0	366-0.png	
22.8	3.86	4.67	17.68	1.83	153.93	0	367-0.png	
56.25	36.0	0.0	0.0	0.0	128.56	0	368-0.png	
40.13	4.17	4.8	21.25	1.72	153.06	0	369-0.png	
27.18	5.43	14.0	5.72	0.93	173.04	-30	370-0.png	
62.83	25.0	0.0	465.0	11.71	160.96	0	371-0.png	
71.76	3.65	11.5	21.39	1.16	162.25	30	372-0.png	
50.12	2.87	13.25	7.43	1.49	194.08	45	373-0.png	
39.0	11.33	1.5	154.67	4.49	143.89	0	375-0.png	
57.53	5.78	13.5	8.35	2.1	207.85	180	376-0.png	
56.32	0.58	8.67	8.5	1.3	169.59	0	377-0.png	
59.96	37.5	2.0	123.5	4.75	154.28	0	378-0.png	
63.08	43.0	0.0	0.0	0.0	146.91	0	379-0.png	
34.06	115.0	1.0	394.0	8.0	148.42	0	379-1.png	
71.94	3.5	8.0	10.31	1.33	161.3	0	380-0.png	
45.14	2.09	8.6	8.23	1.26	163.05	5	380-1.png	
59.98	0.7	18.5	5.3	0.65	185.16	15	382-0.png	
13.73	0.24	16.33	4.05	1.38	185.19	30	382-1.png	
38.56	25.25	4.0	26.38	1.8	155.68	0	383-0.png	
78.34	2.92	6.5	12.62	1.18	155.11	0	383-1.png	
50.19	35.0	0.0	416.0	9.32	140.09	0	384-0.png	
49.51	12.0	0.0	259.0	11.42	137.27	0	384-1.png	
71.58	30.0	0.0	625.0	9.84	135.28	0	384-2.png	
30.32	14.0	0.0	693.0	11.42	138.96	0	384-3.png	
60.35	26.0	0.0	546.0	11.26	137.97	0	384-4.png	
51.57	42.0	0.0	93.0	12.39	138.65	0	384-5.png	
40.91	31.0	0.0	551.0	10.96	137.62	0	384-6.png	
36.03	11.0	2.0	326.0	6.84	137.48	0	384-7.png	
49.15	32.0	0.0	483.0	13.06	138.34	0	384-8.png	
37.75	6.0	0.0	751.0	9.3	141.41	-5	384-9.png	
71.68	2.0	17.5	12.77	0.94	186.82	0	385-0.png	
69.88	5.55	15.5	10.1	1.32	187.86	45	385-1.png	
69.85	2.16	18.5	7.38	1.0	188.49	-5	385-2.png	
59.93	2.24	17.0	9.92	1.08	189.08	45	385-3.png	
69.83	1.63	19.0	6.55	0.93	186.38	30	385-4.png	
65.13	29.0	0.0	693.0	6.67	149.34	0	386-0.png	
24.85	43.0	0.0	742.0	8.29	148.61	45	386-1.png	
62.79	28.33	3.0	93.5	2.77	149.47	0	386-3.png	
45.03	94.0	0.0	585.0	8.67	150.67	0	386-4.png	
62.8	7.47	7.5	39.27	1.62	150.69	0	386-5.png	
80.58	2.08	12.0	36.83	1.69	179.54	0	387-0.png	
60.02	2.17	11.5	9.61	1.63	179.78	45	387-1.png	
64.13	5.17	12.0	13.92	2.29	183.06	30	387-2.png	
65.24	1.76	9.67	19.66	1.43	179.81	15	387-3.png	
67.54	2.35	11.5	14.35	1.74	180.16	30	387-4.png	
89.59	17.0	0.0	0.0	0.0	140.63	0	388-0.png	
89.56	26.0	0.0	0.0	0.0	140.49	0	388-1.png	
81.5	13.0	0.0	0.0	0.0	139.14	0	388-2.png	
79.46	0.11	9.0	38.0	1.35	167.35	0	389-0.png	
78.47	2.67	9.0	28.22	1.36	168.1	0	389-1.png	
69.76	0.18	11.0	20.68	1.28	169.79	0	389-2.png	
30.35	5.68	9.33	10.14	1.57	169.15	180	389-4.png	
45.0	2.46	9.33	8.57	1.28	166.9	0	389-5.png	
70.02	0.94	16.0	4.81	1.67	156.8	180	390-0.png	
71.53	4.0	16.0	12.72	1.8	157.66	0	390-1.png	
51.39	4.8	8.33	15.4	1.59	156.12	0	390-2.png	
89.68	56.0	0.0	0.0	0.0	157.16	0	390-3.png	
80.36	1.33	12.0	35.5	1.87	157.5	0	390-4.png	
77.15	20.33	3.0	25.0	4.71	162.52	30	391-0.png	
71.5	10.92	6.5	41.23	1.86	160.53	0	391-1.png	
89.32	23.0	0.0	261.0	0.0	163.16	0	391-2.png	
80.44	5.71	7.0	40.14	1.67	161.69	0	391-3.png	
71.79	6.12	8.0	29.88	1.86	164.41	30	391-4.png	
74.56	1.06	17.0	7.71	1.59	198.04	-5	392-0.png	
89.48	23.0	0.0	158.0	0.0	194.96	0	392-1.png	
80.26	2.22	18.0	16.22	1.17	193.41	15	392-2.png	
88.82	18.0	0.0	303.0	0.0	189.24	0	392-3.png	
89.87	42.0	0.0	0.0	0.0	201.88	0	393-0.png	
56.27	1.83	15.33	8.91	0.97	203.38	180	393-1.png	
89.78	66.0	0.0	0.0	0.0	201.86	0	393-2.png	
89.32	59.0	0.0	394.0	0.0	204.18	0	393-3.png	
77.1	5.69	13.0	31.54	1.61	201.19	180	393-4.png	
40.09	15.08	3.25	44.31	3.53	161.82	0	394-0.png	
36.19	7.82	5.5	16.48	2.28	171.45	0	394-1.png	
45.46	7.0	0.0	320.0	0.0	131.37	0	395-0.png	
63.03	66.0	0.0	70.0	9.78	141.86	0	396-0.png	
78.77	1.53	15.0	18.4	1.03	201.54	45	397-0.png	
52.39	19.0	0.0	722.0	9.58	142.7	0	398-0.png	
51.77	62.0	0.0	0.0	0.0	127.57	0	399-0.png	
50.25	17.0	1.0	462.0	7.01	145.06	0	400-0.png	
71.84	85.0	0.0	0.0	0.0	130.78	0	401-0.png	
30.38	2.69	13.0	6.14	1.3	166.63	45	402-0.png	
27.26	2.9	11.71	6.48	1.13	167.71	30	403-0.png	
36.2	2.03	11.33	8.18	1.21	166.95	-15	403-1.png	
56.39	4.27	8.67	14.54	1.31	168.53	0	404-0.png	
40.19	4.56	9.0	12.67	1.39	166.28	-30	405-0.png	
57.36	6.0	7.0	25.75	1.42	163.93	5	405-1.png	
89.83	16.0	0.0	0.0	0.0	140.67	0	406-0.png	
76.97	13.0	4.0	4.0	2.61	148.31	0	407-0.png	
75.11	71.0	0.0	22.0	8.36	156.76	0	408-0.png	
67.39	5.6	5.0	30.4	1.79	157.4	0	408-1.png	
27.53	1.61	15.57	4.61	1.04	167.27	0	409-0.png	
36.23	1.74	14.33	6.19	1.09	166.08	0	409-1.png	
45.21	5.0	0.0	30.0	11.31	145.0	0	410-0.png	
45.17	40.0	0.0	247.0	7.89	151.21	0	411-0.png	
33.11	0.96	14.57	6.05	1.59	176.89	45	412-0.png	
25.9	5.0	10.0	37.7	1.53	146.05	180	413-0.png	
53.93	3.06	12.75	5.29	1.3	180.92	-15	414-0.png	
22.79	3.15	13.67	4.78	1.34	182.74	15	414-1.png	
45.25	2.6	5.0	71.2	3.26	149.27	0	415-0.png	
34.51	5.5	6.0	111.0	2.77	150.47	45	415-1.png	
50.13	15.0	3.0	51.11	4.98	150.31	0	415-2.png	
50.4	11.0	0.0	690.0	13.45	149.79	15	415-3.png	
67.72	1.0	0.0	470.0	15.85	148.12	0	415-4.png	
60.04	11.0	0.0	417.0	15.69	147.32	0	415-5.png	
20.49	9.0	1.0	319.0	12.74	147.75	0	415-6.png	
79.48	1.23	13.0	23.85	1.38	202.67	180	416-0.png	
36.22	13.42	3.8	34.89	3.29	162.68	0	417-0.png	
13.48	3.38	13.33	4.19	1.88	173.71	0	418-0.png	
71.92	2.15	20.0	8.5	0.77	149.73	15	419-0.png	
54.05	122.0	0.0	175.0	7.66	147.36	0	420-0.png	
71.85	11.25	4.0	69.0	1.9	154.11	0	420-1.png	
38.56	39.0	0.0	461.0	9.29	144.18	0	421-0.png	
64.24	51.0	0.0	148.0	9.1	134.17	0	422-0.png	
34.07	3.57	23.0	4.4	1.09	175.75	180	423-0.png	
90.0	46.0	0.0	0.0	0.0	116.27	0	424-0.png	
40.09	41.0	0.0	518.0	15.0	136.15	0	425-0.png	
75.04	3.92	12.0	8.67	1.36	170.23	0	426-0.png	
50.18	4.5	5.33	22.75	2.43	157.6	0	427-0.png	
26.12	28.0	0.0	456.0	7.98	143.91	0	428-0.png	
51.53	3.89	12.33	6.0	1.81	168.86	-45	429-0.png	
30.73	19.0	0.0	213.0	8.95	136.43	0	430-0.png	
49.91	2.04	11.75	7.91	1.45	170.06	45	431-0.png	
51.3	103.0	0.0	257.0	13.11	148.43	0	432-0.png	
69.8	44.0	0.0	77.0	19.09	140.26	45	433-0.png	
56.26	2.12	8.0	18.75	1.9	175.21	0	434-0.png	
59.93	33.0	0.0	24.0	14.07	132.72	0	435-0.png	
56.29	48.0	0.0	121.0	0.0	127.01	0	436-0.png	
45.49	4.2	10.0	32.7	1.3	153.85	0	439-0.png	
89.57	33.0	0.0	0.0	0.0	152.91	0	439-1.png	
57.43	4.59	13.5	10.72	2.63	208.9	180	440-0.png	
89.65	17.0	0.0	189.0	0.0	178.75	0	441-0.png	
38.72	36.0	0.0	170.0	9.49	147.49	15	442-0.png	
45.12	24.0	1.0	382.0	9.05	144.85	15	442-1.png	
59.99	2.73	15.0	6.47	1.28	199.42	45	443-0.png	
60.04	3.55	18.33	6.69	1.05	201.24	30	443-1.png	
78.84	124.0	0.0	31.0	12.15	147.05	0	444-0.png	
60.07	83.0	0.0	169.0	10.89	145.38	0	444-1.png	
60.02	6.4	10.0	13.5	1.5	165.46	15	445-0.png	
50.17	10.22	9.0	11.89	1.35	163.35	180	445-1.png	
45.22	3.58	9.5	13.63	1.39	150.82	15	446-0.png	
57.32	8.74	6.75	15.41	2.52	153.9	0	446-1.png	
45.36	28.0	0.0	153.0	0.0	136.93	0	447-0.png	
66.64	7.0	0.0	364.0	12.87	136.81	0	447-1.png	
64.0	5.78	9.0	8.94	1.45	159.83	0	448-0.png	
22.88	8.59	6.17	11.54	1.52	156.93	0	448-1.png	
13.27	41.0	0.0	454.0	9.25	139.98	45	449-0.png	
51.42	72.0	0.0	138.0	12.47	140.36	0	449-1.png	
25.08	1.29	7.75	10.92	1.81	157.28	-15	450-0.png	
11.91	5.73	7.5	10.96	1.8	154.75	5	450-1.png	
45.21	2.66	14.67	5.86	2.29	166.01	180	451-0.png	
44.38	0.52	15.5	4.2	1.2	167.59	15	451-1.png	
39.07	3.92	13.0	10.64	1.12	175.63	0	452-0.png	
64.23	4.32	12.5	10.8	1.11	181.78	180	452-1.png	
26.45	9.84	9.25	11.7	1.27	154.45	0	453-0.png	
78.42	16.67	3.0	49.0	2.49	155.28	0	453-1.png	
40.16	7.75	4.0	66.38	2.61	148.11	180	454-0.png	
13.51	14.7	3.33	44.5	2.59	145.32	0	454-1.png	
74.97	10.2	5.0	29.0	1.71	148.19	0	454-2.png	
77.16	6.86	7.0	4.14	1.61	150.74	0	454-3.png	
51.51	13.14	3.5	42.57	2.51	147.25	0	454-4.png	
69.81	5.5	6.0	8.83	1.68	145.01	0	455-0.png	
60.23	40.0	0.0	384.0	11.92	144.1	0	455-1.png	
51.49	48.0	0.0	427.0	7.43	145.82	180	455-2.png	
67.59	8.6	5.0	73.6	2.14	145.9	0	455-3.png	
40.1	12.75	4.0	40.08	3.29	146.85	15	455-4.png	
67.07	70.0	0.0	310.0	11.9	142.86	0	456-0.png	
67.2	64.0	0.0	171.0	14.62	145.56	0	456-1.png	
89.45	59.0	0.0	0.0	0.0	149.76	0	456-2.png	
82.62	20.0	1.0	97.0	10.72	150.69	0	456-3.png	
52.57	4.67	6.0	27.71	2.44	150.19	30	456-4.png	
44.84	0.93	18.2	7.7	1.1	156.76	0	457-0.png	
74.89	7.45	11.0	22.27	1.22	182.16	180	458-0.png	
45.04	7.71	10.5	8.24	1.31	171.7	-15	458-1.png	
38.64	2.3	13.5	5.76	1.19	178.28	45	458-2.png	
60.07	52.0	0.0	544.0	9.41	140.19	0	459-0.png	
89.67	32.0	0.0	320.0	0.0	155.0	0	460-0.png	
88.8	11.0	0.0	87.0	0.0	140.73	0	461-0.png	
1.24	88.0	0.0	88.0	0.0	135.39	0	462-0.png	
89.85	53.0	0.0	0.0	0.0	132.48	0	463-0.png	
57.27	16.0	2.0	134.0	5.82	145.17	0	464-0.png	
69.9	71.0	0.0	177.0	11.38	147.58	0	465-0.png	
54.36	21.5	2.0	93.0	4.38	155.79	0	466-0.png	
77.12	50.0	0.0	26.0	11.08	143.77	0	467-0.png	
50.01	6.0	5.0	61.3	1.91	160.71	0	468-0.png	
89.64	27.0	0.0	259.0	0.0	157.73	0	469-0.png	
67.59	42.0	0.0	317.0	12.62	143.17	0	470-0.png	
34.1	10.0	0.0	290.0	9.27	137.88	0	471-0.png	
50.05	1.69	6.5	45.69	2.69	148.35	0	472-0.png	
62.85	9.43	3.5	65.86	3.16	147.72	45	473-0.png	
56.33	32.0	0.0	248.0	8.73	145.65	0	474-0.png	
54.05	22.0	0.0	495.0	15.55	140.15	0	475-0.png	
36.65	10.24	5.67	29.35	3.07	168.62	0	476-0.png	
40.07	35.0	0.0	487.0	13.77	133.71	0	477-0.png	
27.3	40.0	0.0	641.0	12.44	145.16	0	478-0.png	
89.81	73.0	0.0	0.0	0.0	161.02	0	479-0.png	
76.98	4.88	8.0	5.12	1.39	155.02	0	480-0.png	
22.98	13.91	3.67	41.82	2.93	153.93	15	480-1.png	
64.15	7.5	6.0	38.25	2.02	159.92	0	481-0.png	
51.51	4.3	10.0	9.83	1.82	160.14	15	481-1.png	
69.76	7.0	5.0	9.2	2.42	172.78	0	482-0.png	
50.35	59.0	0.0	260.0	13.35	156.9	0	482-1.png	
29.93	4.8	15.0	4.9	1.2	209.17	45	483-0.png	
79.91	3.12	17.0	19.76	1.44	206.99	45	483-1.png	
76.85	62.0	1.0	38.0	7.54	160.04	0	484-0.png	
59.9	10.77	7.33	10.5	1.43	159.49	15	484-1.png	
1.82	0.16	12.56	4.62	2.2	173.7	180	485-0.png	
89.64	17.0	0.0	0.0	0.0	164.75	0	486-0.png	
76.93	11.25	4.0	8.0	2.08	163.08	0	486-1.png	
45.1	55.0	0.0	328.0	0.0	133.99	0	487-0.png	
79.7	38.0	0.0	26.0	10.23	133.51	0	487-1.png	
26.16	9.76	4.2	17.9	2.5	164.37	5	488-0.png	
45.17	16.0	3.5	24.29	2.56	161.69	0	488-1.png	
77.19	0.17	6.0	45.5	2.44	169.19	-15	489-0.png	
60.09	3.0	11.33	12.68	1.49	169.26	-15	489-1.png	
89.39	53.0	0.0	0.0	0.0	153.02	0	490-0.png	
34.0	124.0	0.0	406.0	7.09	154.79	0	490-1.png	
59.74	43.0	0.0	128.0	9.94	145.08	0	491-0.png	
18.29	67.0	1.0	321.0	9.73	143.02	0	491-1.png	
45.39	34.0	0.0	348.0	10.98	147.57	0	492-0.png	
30.25	14.0	0.0	508.0	9.51	151.56	0	492-1.png	
56.42	2.25	14.67	9.27	1.55	193.16	-15	493-0.png	
64.42	4.89	13.5	11.44	1.05	193.31	0	493-1.png	
45.3	7.62	4.33	21.62	3.34	166.01	180	494-0.png	
22.78	6.14	7.0	11.83	1.75	166.92	5	494-1.png	
23.03	7.45	9.67	7.28	1.5	180.42	0	495-0.png	
36.42	8.68	9.33	7.79	1.64	179.27	0	495-1.png	
18.33	7.9	10.25	6.44	1.68	180.39	0	495-2.png	
69.79	3.52	14.5	8.24	1.44	165.37	30	496-0.png	
78.61	5.14	7.0	38.57	2.24	165.83	30	496-1.png	
78.34	4.0	14.0	16.79	1.49	168.42	15	496-2.png	
74.43	5.67	3.0	206.67	5.73	165.19	30	496-3.png	
45.32	2.12	19.33	5.24	0.94	171.34	0	497-0.png	
22.74	36.0	2.0	266.5	7.83	136.88	-5	497-1.png	
59.83	30.5	4.0	149.75	4.22	139.32	0	497-2.png	
51.55	83.0	1.0	164.0	18.61	136.48	-15	497-3.png	
41.14	22.8	2.5	120.0	4.34	141.08	-15	498-0.png	
64.29	40.0	1.0	174.0	10.22	140.46	-15	498-1.png	
59.93	6.0	4.5	43.0	2.54	144.58	0	498-2.png	
69.99	8.33	3.0	34.67	3.21	146.1	-45	498-3.png	
0.64	3.56	2.25	33.89	4.23	145.9	-15	498-4.png	
51.66	2.5	4.0	108.25	3.8	133.9	15	499-0.png	
40.06	23.0	1.0	556.0	10.08	141.11	0	500-0.png	
36.44	0.73	13.75	5.36	2.13	171.13	30	501-0.png	
18.29	11.0	0.0	315.0	9.74	140.43	0	502-0.png	
67.23	12.77	6.5	30.23	1.37	157.34	0	503-0.png	
78.52	8.22	9.0	45.33	1.4	153.65	0	504-0.png	
59.72	2.22	15.33	9.65	1.64	195.32	180	505-0.png	
37.92	28.0	0.0	543.0	11.58	143.57	0	506-0.png	
64.2	3.67	3.0	132.67	2.82	147.71	0	508-0.png	
60.11	18.0	0.0	241.0	0.0	125.57	0	509-0.png	
55.98	7.56	4.5	36.33	2.4	161.37	0	510-0.png	
78.67	108.0	0.0	20.0	9.04	145.2	0	511-0.png	
45.27	1.13	9.75	9.03	1.81	159.44	0	512-0.png	
77.92	28.0	0.0	128.0	7.65	132.71	0	513-0.png	
67.2	32.0	0.0	0.0	0.0	127.09	0	513-1.png	
52.31	2.46	11.8	8.78	1.74	198.09	-30	514-0.png	
45.23	0.4	7.5	20.07	3.16	187.0	45	514-1.png	
51.05	0.84	14.33	8.02	1.42	172.01	180	515-0.png	
33.59	3.08	7.14	10.0	2.13	173.25	15	516-0.png	
30.4	7.4	10.0	6.94	1.47	165.02	5	517-0.png	
45.56	17.0	0.0	346.0	15.53	134.01	0	518-0.png	
77.24	3.0	0.0	42.0	10.53	152.3	0	519-0.png	
25.21	12.0	0.0	778.0	9.72	145.57	0	520-0.png	
15.61	1.69	13.0	21.77	2.09	141.81	0	521-0.png	
27.35	3.72	8.33	14.62	1.84	158.27	0	522-0.png	
77.17	2.31	13.0	23.77	1.43	167.51	0	523-0.png	
71.46	2.25	16.0	6.44	1.12	172.75	0	524-0.png	
30.31	12.71	4.8	20.25	2.04	150.82	45	525-0.png	
64.46	0.9	21.0	5.83	0.68	178.81	30	526-0.png	
67.62	3.13	11.5	9.91	1.65	180.69	0	527-0.png	
45.34	10.0	6.5	23.96	1.54	158.75	0	527-1.png	
59.96	2.88	8.67	13.88	1.31	159.74	-5	528-0.png	
37.75	7.2	5.83	18.8	1.65	157.82	30	529-0.png	
38.62	2.35	12.75	6.27	1.68	185.74	45	530-0.png	
57.29	59.0	0.0	0.0	0.0	128.5	0	531-0.png	
45.2	0.15	13.6	5.85	1.07	179.17	-45	532-0.png	
36.17	6.15	6.5	24.23	2.57	157.88	180	533-0.png	
45.53	2.62	13.0	8.19	0.97	169.36	45	534-0.png	
45.21	2.82	17.0	5.2	1.37	196.58	45	535-0.png	
62.78	6.48	10.33	17.23	1.48	158.32	0	536-0.png	
30.23	33.0	0.0	263.0	6.82	151.69	30	537-0.png	
30.26	5.62	8.0	47.75	1.85	147.91	0	538-0.png	
89.89	34.0	0.0	336.0	0.0	168.16	0	539-0.png	
69.89	1.88	8.0	21.31	1.46	164.88	0	540-0.png	
50.32	3.22	12.75	8.53	1.46	178.34	180	541-0.png	
50.2	33.0	2.0	294.5	5.48	147.26	0	542-0.png	
36.49	4.55	5.5	62.09	2.24	147.49	0	542-1.png	
74.97	6.38	8.0	1.75	1.25	170.1	-15	543-0.png	
78.55	5.5	8.0	36.12	1.42	172.5	0	544-0.png	
69.93	12.0	7.5	24.4	1.83	173.99	15	544-1.png	
62.82	21.69	4.33	47.92	2.94	172.17	15	544-2.png	
56.4	16.43	7.0	17.1	1.76	173.21	30	544-3.png	
67.56	26.5	4.0	59.25	2.9	171.52	15	544-4.png	
89.77	33.0	0.0	137.0	0.0	154.28	0	545-0.png	
90.0	22.0	0.0	0.0	0.0	153.85	0	545-1.png	
0.82	8.49	8.6	6.09	1.31	154.64	-15	545-2.png	
0.0	4.23	10.4	4.37	1.55	151.93	0	545-3.png	
18.68	6.07	11.38	4.98	1.42	176.35	45	546-0.png	
78.89	2.53	17.0	15.88	1.54	176.62	30	546-1.png	
40.98	6.08	12.5	5.27	1.39	177.72	0	546-2.png	
53.94	3.32	10.25	10.98	1.58	176.21	30	546-3.png	
34.05	5.45	8.8	10.05	2.07	174.97	30	546-4.png	
71.92	2.0	13.5	11.89	1.16	168.96	30	547-0.png	
73.57	2.5	14.0	11.57	1.04	168.54	15	547-1.png	
49.1	2.77	13.0	8.28	1.08	169.85	45	547-2.png	
40.11	2.54	11.8	6.88	1.26	169.77	45	547-3.png	
53.93	2.46	13.0	8.15	1.0	167.54	30	547-4.png	
38.61	95.0	0.0	286.0	0.0	136.0	0	548-0.png	
44.97	127.0	0.0	243.0	0.0	134.65	0	548-1.png	
51.57	110.0	0.0	0.0	0.0	134.05	0	548-2.png	
38.7	97.0	0.0	373.0	0.0	135.8	0	548-3.png	
44.83	59.0	0.0	0.0	0.0	131.43	0	548-4.png	
53.94	6.45	12.25	13.0	1.49	180.99	45	549-0.png	
38.85	2.81	14.25	6.82	1.45	183.53	30	549-1.png	
89.96	73.0	0.0	0.0	0.0	185.78	0	549-2.png	
74.95	4.36	11.0	19.73	1.72	187.56	15	549-3.png	
23.12	1.67	12.0	8.13	1.41	185.85	45	549-4.png	
74.92	1.44	18.0	14.39	1.2	186.01	0	550-0.png	
60.02	5.79	9.5	15.47	1.56	168.48	0	550-1.png	
64.23	6.0	7.5	25.4	1.59	169.28	0	550-2.png	
0.8	8.86	7.0	8.52	1.81	167.39	15	550-3.png	
51.5	9.3	6.67	15.2	1.92	166.18	0	550-4.png	
56.24	46.0	0.0	219.0	9.59	143.93	0	551-0.png	
33.81	76.0	0.0	0.0	0.0	139.39	0	551-1.png	
45.18	40.0	0.0	295.0	14.86	137.26	0	551-2.png	
22.77	38.0	0.0	163.0	11.39	139.48	0	551-3.png	
10.56	54.0	0.0	575.0	10.11	145.93	0	551-4.png	
56.2	82.0	0.0	0.0	0.0	142.62	0	551-5.png	
67.57	78.0	0.0	364.0	10.48	141.58	0	551-6.png	
33.95	58.0	0.0	533.0	10.1	142.26	0	551-7.png	
64.26	94.0	0.0	0.0	0.0	146.32	0	551-8.png	
30.24	66.0	0.0	0.0	0.0	134.17	0	551-9.png	
51.56	3.79	12.67	7.87	1.36	196.04	180	552-0.png	
72.1	4.5	12.0	9.25	1.53	192.48	-15	552-1.png	
33.92	2.9	12.4	6.27	1.42	191.32	0	552-2.png	
30.39	3.85	13.5	5.15	1.3	196.97	0	552-3.png	
13.37	3.24	12.67	5.24	1.42	192.43	-5	552-4.png	
13.35	4.41	11.33	5.09	1.71	192.27	5	552-5.png	
38.68	4.98	12.25	8.24	1.67	193.37	-5	552-6.png	
0.8	3.8	13.14	4.18	1.48	193.47	15	552-7.png	
0.76	4.2	13.33	3.89	1.54	195.01	30	552-8.png	
50.12	2.26	13.25	8.45	1.68	192.81	5	552-9.png	
22.93	32.0	0.0	448.0	10.13	139.55	0	553-0.png	
13.69	12.67	3.0	153.0	3.19	146.23	0	553-1.png	
30.79	0.28	7.2	9.06	1.94	160.03	45	554-0.png	
36.33	1.71	16.33	4.38	1.36	171.21	30	555-0.png	
20.58	2.14	12.14	6.39	1.42	173.8	45	555-1.png	
71.98	1.92	12.5	13.36	1.39	170.69	30	555-2.png	
60.06	10.0	0.0	26.0	9.29	139.05	0	556-0.png	
72.17	1.75	12.0	17.75	2.55	160.0	45	558-0.png	
45.22	2.17	8.75	10.57	1.43	163.7	15	559-0.png	
45.23	2.7	9.25	8.08	1.43	166.87	0	559-1.png	
40.02	6.88	11.2	6.77	1.25	184.99	-30	560-0.png	
38.83	5.03	9.75	11.03	1.26	180.25	5	560-1.png	
89.66	47.0	1.0	596.0	14.74	149.15	0	561-0.png	
90.0	29.0	0.0	154.0	7.71	152.22	0	561-1.png	
30.52	3.05	10.17	9.15	2.84	194.01	30	562-0.png	
30.46	4.0	10.5	7.35	2.82	196.84	30	562-1.png	
33.95	3.73	12.6	5.56	1.58	169.19	30	563-0.png	
56.34	2.27	13.67	7.9	1.22	169.04	30	563-1.png	
45.43	79.0	0.0	634.0	11.51	144.59	0	564-0.png	
56.47	24.0	0.0	254.0	10.03	145.98	0	565-0.png	
76.9	42.0	0.0	0.0	0.0	135.41	0	566-0.png	
34.24	20.5	2.0	196.0	7.68	139.66	5	567-0.png	
69.84	39.0	0.0	365.0	18.88	146.04	15	567-1.png	
49.19	4.88	8.0	59.75	2.13	144.48	180	567-2.png	
62.76	1.86	12.33	6.03	1.4	157.2	180	567-3.png	
56.31	8.0	4.0	80.0	4.08	137.93	0	567-4.png	
63.19	38.0	0.0	277.0	19.24	137.27	0	567-5.png	
36.41	1.62	17.86	3.61	2.1	194.5	45	568-0.png	
89.63	73.0	0.0	312.0	0.0	155.06	0	569-0.png	
50.69	21.0	0.0	472.0	11.23	142.9	0	570-0.png	
60.02	5.56	9.0	14.0	1.08	165.58	0	571-0.png	
44.9	7.71	4.67	20.07	2.1	162.66	15	572-0.png	
56.38	14.0	7.0	25.0	1.92	171.58	-5	573-0.png	
25.87	5.1	10.0	8.58	2.12	197.61	0	574-0.png	
60.53	1.1	14.5	15.48	2.5	182.79	-45	575-0.png	
78.52	4.33	9.0	41.11	1.56	172.24	0	576-0.png	
45.02	9.56	4.5	45.11	6.21	137.15	180	577-0.png	
63.17	51.0	0.0	624.0	9.95	148.39	0	577-1.png	
52.67	7.62	4.33	48.85	3.19	159.43	0	578-0.png	
55.85	20.0	2.0	133.25	6.31	159.84	0	579-0.png	
60.0	2.27	15.0	8.18	1.29	200.31	45	580-0.png	
67.47	10.83	6.0	22.67	2.86	154.1	0	581-0.png	
77.13	1.77	13.0	1.77	1.06	171.48	0	582-0.png	
56.22	1.14	14.0	9.5	1.01	171.41	0	582-1.png	
76.92	2.0	16.0	18.31	0.96	173.41	0	582-2.png	
30.28	2.96	13.5	4.89	1.13	173.04	-5	582-3.png	
57.35	15.16	4.75	20.05	1.63	150.84	0	582-4.png	
40.09	0.48	16.6	6.58	0.81	175.02	0	583-0.png	
79.64	1.25	20.0	14.15	0.7	173.19	15	583-1.png	
38.94	2.22	18.5	4.55	0.83	175.01	5	583-2.png	
78.88	1.24	17.0	17.12	2.65	173.63	30	583-3.png	
22.79	1.53	15.0	4.91	1.0	175.92	45	583-4.png	
26.32	15.0	0.0	244.0	11.38	142.58	5	584-0.png	
22.89	10.43	7.0	32.86	2.41	145.12	5	584-1.png	
13.47	8.4	2.5	93.4	4.45	142.41	0	584-2.png	
56.46	18.0	1.0	150.0	11.75	140.23	0	584-3.png	
56.24	10.6	5.0	57.6	2.47	147.15	180	584-4.png	
67.43	4.94	8.5	16.41	2.62	179.08	-15	585-0.png	
59.64	2.46	12.2	7.56	2.34	177.65	-5	585-1.png	
90.0	25.71	1.75	79.0	18.97	177.79	45	585-2.png	
89.82	29.0	0.0	418.0	33.57	177.88	30	585-3.png	
1.25	3.39	13.57	4.92	1.29	179.64	0	585-4.png	
51.53	3.56	14.33	6.26	1.3	197.7	45	586-0.png	
38.66	2.54	18.5	4.23	1.59	200.6	180	586-1.png	
16.31	3.54	15.8	3.53	1.12	199.78	180	586-2.png	
45.18	2.77	17.67	4.47	1.03	200.92	180	586-3.png	
30.35	14.25	5.33	32.0	1.98	153.73	0	587-0.png	
51.67	19.06	5.67	22.82	1.67	153.03	0	587-1.png	
26.15	14.41	6.8	8.26	1.54	155.65	0	587-2.png	
71.97	6.12	8.0	5.94	1.23	156.18	0	587-3.png	
64.07	13.82	5.5	9.82	2.3	158.95	0	588-0.png	
51.6	31.5	2.0	60.25	5.43	159.98	-5	588-1.png	
45.21	11.5	4.0	119.5	3.77	156.31	180	588-2.png	
20.62	10.77	5.2	17.27	2.15	161.14	0	588-3.png	
22.83	53.0	1.0	196.5	10.81	157.93	180	588-4.png	
15.92	31.0	3.0	42.11	3.64	159.8	0	588-5.png	
18.44	10.42	3.17	35.74	3.49	159.53	0	588-6.png	
34.33	43.0	2.0	74.67	5.2	162.35	5	588-7.png	
40.4	13.5	4.0	49.0	3.12	158.37	0	588-8.png	
67.43	28.5	2.0	55.0	5.89	160.05	0	588-9.png	
59.6	11.33	1.5	94.0	6.96	165.84	30	589-0.png	
62.97	36.0	0.0	632.0	9.42	143.2	0	590-0.png	
0.89	19.76	2.83	27.47	3.12	150.01	0	591-0.png	
30.83	86.0	0.0	354.0	10.21	133.38	0	592-0.png	
0.46	5.53	12.67	4.21	1.51	155.73	-15	593-0.png	
57.23	16.4	2.5	109.4	3.98	148.05	0	594-0.png	
63.86	61.0	1.0	415.0	9.44	142.62	0	595-0.png	
33.92	5.8	8.8	10.82	1.63	150.51	0	596-0.png	
36.36	8.22	7.67	7.87	1.41	148.46	0	597-0.png	
27.28	4.74	9.29	8.37	1.42	161.91	45	598-0.png	
59.95	6.0	11.0	15.48	1.33	159.88	45	598-1.png	
33.36	9.26	5.4	24.11	1.69	154.7	0	599-0.png	
9.32	16.98	4.89	12.89	1.86	154.31	0	599-1.png	
13.23	10.5	6.67	11.52	2.31	175.46	45	600-0.png	
33.94	6.15	6.5	18.69	1.91	155.52	0	601-0.png	
1.11	9.36	11.86	4.84	2.28	167.79	0	602-0.png	
50.07	3.32	14.75	5.81	1.91	164.57	45	603-0.png	
23.27	0.93	10.8	6.98	1.66	164.65	0	604-0.png	
30.29	5.0	10.0	6.42	1.27	166.27	45	605-0.png	
78.72	7.0	9.0	7.44	1.43	162.44	0	606-0.png	
30.33	16.19	4.2	23.57	3.7	147.6	45	607-0.png	
54.14	84.0	0.0	0.0	0.0	128.84	0	608-0.png	
22.97	0.39	12.67	4.96	2.44	157.43	45	609-0.png	
38.88	37.0	0.0	317.0	12.67	131.53	30	610-0.png	
1.26	0.88	26.0	1.62	0.86	200.09	-15	611-0.png	
17.07	3.68	9.25	8.27	2.01	190.68	0	612-0.png	
51.55	63.0	0.0	0.0	0.0	134.65	0	613-0.png	
49.95	6.67	3.0	66.89	3.24	156.84	-30	614-0.png	
15.21	8.0	4.0	31.92	2.5	150.28	0	615-0.png	
64.31	64.0	0.0	323.0	0.0	135.23	0	616-0.png	
54.17	3.59	13.67	13.68	1.51	146.41	0	617-0.png	
72.16	71.0	1.0	30.0	5.78	143.82	0	618-0.png	
34.07	43.0	0.0	348.0	9.11	144.37	0	619-0.png	
80.79	43.0	0.0	472.0	0.0	144.6	0	620-0.png	
26.09	62.0	0.0	342.0	14.03	133.84	0	621-0.png	
89.65	48.0	0.0	0.0	0.0	135.74	0	622-0.png	
38.76	73.0	0.0	238.0	10.43	139.37	0	623-0.png	
76.69	68.0	0.0	49.0	9.16	160.97	0	624-0.png	
74.9	3.6	15.0	14.6	1.06	170.67	30	625-0.png	
38.65	2.82	12.75	6.8	1.59	181.59	15	626-0.png	
56.29	2.03	12.33	11.19	1.77	189.57	-30	627-0.png	
38.59	56.0	0.0	0.0	0.0	135.69	0	628-0.png	
34.5	3.9	15.4	3.97	1.07	189.07	-15	629-0.png	
40.08	92.0	0.0	325.0	12.17	141.17	0	630-0.png	
71.06	2.39	15.5	13.16	1.07	181.01	30	631-0.png	
33.96	4.03	7.2	13.39	1.34	168.29	0	632-0.png	
66.97	47.0	2.0	97.5	4.22	158.21	0	633-0.png	
59.56	15.0	3.0	26.22	2.54	153.92	0	634-0.png	
88.99	12.0	0.0	251.0	0.0	157.43	0	634-1.png	
56.01	4.59	9.8	10.22	1.93	157.83	45	634-2.png	
30.07	3.39	8.25	7.8	3.41	156.73	45	634-3.png	
26.84	2.15	9.78	6.74	1.83	165.44	45	634-4.png	
54.14	1.08	15.8	7.18	1.53	176.7	45	634-5.png	
18.7	1.97	16.25	3.68	1.13	179.1	30	634-6.png	
64.52	1.06	17.0	14.71	1.96	178.56	-45	634-7.png	
44.86	2.76	15.2	5.46	1.99	177.82	45	634-8.png	
38.65	11.06	5.33	22.06	2.86	154.4	0	635-0.png	
71.89	38.5	2.0	127.0	6.43	152.03	0	635-1.png	
30.69	16.0	4.25	19.94	2.97	155.23	0	635-2.png	
56.36	5.75	4.0	26.58	3.09	151.58	5	635-3.png	
51.64	13.64	3.67	28.18	2.8	155.18	0	635-4.png	
15.82	12.35	5.75	16.13	2.09	151.93	15	635-5.png	
51.66	5.73	7.33	14.27	1.69	153.55	0	635-6.png	
26.14	9.2	5.0	13.64	2.64	150.91	5	635-7.png	
56.27	8.57	4.67	19.36	2.69	153.64	0	635-8.png	
1.02	16.6	5.0	64.6	3.03	152.02	180	635-9.png	
23.03	29.0	0.0	285.0	15.2	129.78	0	636-0.png	
60.21	4.22	9.0	16.39	1.94	167.78	0	637-0.png	
36.4	46.2	1.67	89.4	6.06	155.62	30	638-0.png	
44.84	0.55	11.0	8.18	0.94	156.14	45	639-0.png	
52.66	2.26	10.6	8.08	1.87	159.61	45	640-0.png	
13.75	5.98	8.2	10.41	1.44	167.48	0	641-0.png	
30.28	52.0	0.0	397.0	11.64	140.19	0	642-0.png	
60.08	14.33	3.0	44.67	2.99	161.23	0	643-0.png	
34.05	3.59	7.25	14.0	1.46	156.72	0	644-0.png	
13.27	4.03	9.67	7.03	1.06	172.57	180	645-0.png	
64.34	1.06	18.0	9.36	0.77	168.9	30	648-0.png	
81.76	0.65	20.0	16.65	1.04	171.14	30	649-0.png	
45.22	2.14	7.0	15.83	1.77	170.57	180	650-0.png	
26.23	3.9	10.0	8.76	1.85	168.53	15	651-0.png	
60.12	8.14	7.0	16.79	1.29	161.0	0	652-0.png	
60.17	55.0	0.0	239.0	9.72	149.41	15	653-0.png	
69.43	2.67	13.5	4.3	2.92	167.42	45	654-0.png	
60.07	11.0	1.0	258.0	8.27	154.63	0	655-0.png	
27.42	46.0	1.5	233.33	7.39	151.82	-15	658-0.png	
55.84	61.0	0.0	417.0	10.24	150.56	0	658-1.png	
49.47	4.67	3.0	105.5	3.07	152.97	15	659-0.png	
30.23	55.0	0.0	0.0	0.0	130.81	0	660-0.png	
39.07	4.89	9.0	7.5	1.62	132.2	45	661-0.png	
64.4	13.0	3.0	21.5	2.89	165.26	0	662-0.png	
67.68	15.0	0.0	0.0	0.0	125.8	0	663-0.png	
26.08	33.0	0.0	50.0	0.0	131.81	0	664-0.png	
45.15	1.92	12.0	29.21	3.09	176.38	-45	665-0.png	
64.31	55.0	0.0	0.0	0.0	126.58	0	666-0.png	
77.17	60.0	0.0	0.0	0.0	129.39	0	667-0.png	
30.19	1.5	8.0	11.12	2.01	160.72	0	668-0.png	
45.34	49.5	2.0	9.0	8.21	135.1	30	669-0.png	
54.1	3.39	12.67	8.13	1.82	168.61	0	670-0.png	
63.58	4.67	9.0	13.37	1.63	165.7	15	670-1.png	
67.35	3.87	15.0	4.73	1.51	167.33	15	670-2.png	
20.79	3.31	11.78	6.08	1.63	169.92	180	670-3.png	
1.01	3.19	10.67	5.48	1.74	167.66	0	670-4.png	
30.93	3.56	11.8	8.85	1.75	167.69	15	670-5.png	
15.48	8.86	4.4	29.68	3.45	163.47	0	670-6.png	
51.4	2.33	11.6	9.0	1.95	169.2	0	670-7.png	
44.77	2.69	14.5	7.84	1.82	166.9	0	670-8.png	
33.67	4.78	9.0	7.8	1.76	164.36	15	670-9.png	
24.96	34.0	0.0	692.0	13.14	142.54	0	671-0.png	
41.24	25.0	0.0	633.0	18.73	145.38	0	671-1.png	
27.35	12.89	3.8	35.95	2.79	151.0	-15	671-10.png	
45.15	69.0	0.0	474.0	10.95	150.85	0	671-2.png	
20.68	30.0	1.5	88.33	6.26	148.26	0	671-4.png	
30.46	14.2	5.0	27.87	2.69	151.43	-30	671-5.png	
49.23	22.5	1.33	117.25	6.45	151.69	0	671-6.png	
65.66	32.0	0.0	649.0	9.12	148.78	0	671-7.png	
53.99	13.43	3.5	33.86	3.03	148.31	0	671-8.png	
18.38	20.4	2.5	40.67	4.67	153.32	0	671-9.png	
71.85	0.14	7.0	77.43	2.72	161.12	45	672-0.png	
